107,2019,178,630,40,24.72,68.07,605.5,17.6,12.59,3.103
107,2019,178,630,50,24.77,67.94,649,17.64,12.59,3.103
107,2019,178,631,0,24.79,67.66,606.6,17.66,12.56,3.103
107,2019,178,631,10,24.79,67.03,593.1,17.46,12.58,3.103
107,2019,178,631,20,24.79,66.11,579.6,17.33,12.56,3.103
107,2019,178,631,30,24.81,65.39,589.7,17.35,12.54,3.103
107,2019,178,631,40,24.86,65.34,592.6,17.43,12.58,3.103
107,2019,178,631,50,24.86,65.36,592.2,17.38,12.55,3.103
107,2019,178,632,0,24.87,65.26,597.6,17.42,12.57,3.103
107,2019,178,632,10,24.91,64.74,603.9,17.32,12.56,3.103
107,2019,178,632,20,24.92,64.79,627.7,17.36,12.57,3.103
107,2019,178,632,30,24.92,64.91,594.7,17.33,12.54,3.103
107,2019,178,632,40,24.97,64.24,558.4,17.16,12.56,3.103
107,2019,178,632,50,24.99,63.32,558.3,17.05,12.55,3.103
107,2019,178,633,0,24.99,63.45,603.3,17.1,12.6,3.103
107,2019,178,633,10,24.99,63.74,627.9,17.24,12.62,3.103
107,2019,178,633,20,25.05,63.97,553.3,17.57,12.69,3.103
107,2019,178,633,30,25.06,64.11,539.3,17.55,12.71,3.103
107,2019,178,633,40,25.06,63.5,568,17.54,12.75,3.103
107,2019,178,633,50,25.07,63.36,579.8,17.56,12.79,3.103
107,2019,178,645,10,25.95,56.75,1038,10.61,12.68,3.104
107,2019,178,645,20,25.98,56.82,668.7,15.28,12.61,3.104
107,2019,178,645,30,25.99,56.81,570.7,16.55,12.59,3.104
107,2019,178,645,40,25.99,56.85,576.4,16.63,12.56,3.104
107,2019,178,645,50,25.99,57.02,574.5,16.64,12.58,3.104
107,2019,178,646,0,26.01,56.92,553.3,16.58,12.56,3.104
107,2019,178,646,10,26.05,56.42,560.1,16.53,12.57,3.104
107,2019,178,646,20,26.06,56.35,560.6,16.51,12.55,3.104
107,2019,178,646,30,26.06,56.41,546.4,16.45,12.57,3.104
107,2019,178,646,40,26.06,56.07,532.8,16.38,12.57,3.104
107,2019,178,646,50,26.06,55.78,557.1,16.38,12.54,3.104
107,2019,178,647,0,26.07,55.85,545.1,16.37,12.56,3.104
107,2019,178,647,10,26.12,55.88,547.4,16.35,12.56,3.104
107,2019,178,647,20,26.12,56.04,569.2,16.3,12.61,3.104
107,2019,178,647,30,26.12,56.21,515.8,16.65,12.65,3.104
107,2019,178,647,40,26.12,56.12,493.4,16.73,12.71,3.104
107,2019,178,647,50,26.12,56.08,497.3,16.77,12.74,3.104
107,2019,178,648,0,26.14,55.79,496.3,16.72,12.77,3.104
107,2019,178,648,10,26.18,55.59,556.7,16.71,12.78,3.104
107,2019,178,648,20,26.19,55.4,505.8,16.52,12.8,3.104
107,2019,178,648,30,26.19,55.58,550.8,16.48,12.78,3.104
107,2019,178,648,40,26.19,55.86,551,16.42,12.77,3.104
107,2019,178,648,50,26.19,56.06,537.7,16.3,12.79,3.104
107,2019,178,649,.125,26.24,55.82,529.7,16.24,12.77,3.104
107,2019,178,649,10,26.26,55.49,514.6,16.19,12.78,3.104
107,2019,178,649,20,26.26,55.38,501.7,16.16,12.77,3.104
107,2019,178,649,30,26.26,55.46,513.8,16.17,12.77,3.104
107,2019,178,649,40.13,26.26,55.37,512.5,16.18,12.76,3.104
107,2019,178,649,50,26.26,55.28,511.2,16.17,12.78,3.104
107,2019,178,650,0,26.27,55.24,503.3,16.16,12.77,3.104
107,2019,178,650,10,26.3,55.39,520.6,16.19,12.78,3.104
107,2019,178,650,20,26.32,55.52,590.1,16.26,12.76,3.104
107,2019,178,650,30,26.32,55.71,572.8,16.36,12.78,3.104
107,2019,178,650,40,26.32,55.49,519.5,16.24,12.77,3.104
107,2019,178,650,50,26.32,54.94,544.5,16.22,12.75,3.104
107,2019,178,651,0,26.32,55.07,524.3,16.19,12.79,3.104
107,2019,178,651,10,26.36,55.02,556.4,16.19,12.76,3.104
107,2019,178,651,20,26.39,54.33,509.6,16.11,12.78,3.104
107,2019,178,651,30,26.39,53.69,478.6,15.99,12.77,3.104
107,2019,178,651,40,26.39,53.67,523.4,16.02,12.79,3.104
107,2019,178,651,50,26.39,53.49,478.5,15.94,12.77,3.104
107,2019,178,652,0,26.39,53.23,477.8,15.88,12.78,3.104
107,2019,178,652,10,26.39,53.29,482.9,15.87,12.76,3.104
107,2019,178,652,20.13,26.39,53.48,479.6,15.89,12.78,3.104
107,2019,178,652,30,26.39,53.41,478.4,15.89,12.77,3.104
107,2019,178,652,40,26.39,53.46,491.7,15.9,12.79,3.104
107,2019,178,652,50,26.39,53.45,476,15.9,12.76,3.104
107,2019,178,653,0,26.39,53.56,474.3,15.94,12.76,3.104
107,2019,178,653,10,26.39,53.75,474.5,15.97,12.79,3.104
107,2019,178,653,20,26.39,53.66,475,15.93,12.76,3.104
107,2019,178,653,30,26.39,53.78,475.3,15.97,12.79,3.104
107,2019,178,653,40.13,26.39,54.02,475.3,16,12.77,3.104
107,2019,178,653,50,26.39,54.42,476.5,16.08,12.78,3.104
107,2019,178,654,0,26.39,54.1,476.5,15.98,12.76,3.104
107,2019,178,654,10,26.39,54.17,505.6,16.02,12.77,3.104
107,2019,178,654,20,26.39,54.1,477.7,15.97,12.77,3.104
107,2019,178,654,30,26.38,54.08,478.5,15.95,12.78,3.104
107,2019,178,654,40,26.35,54.34,478.2,16.02,12.76,3.104
107,2019,178,654,50,26.33,54.48,478.4,16.02,12.79,3.104
107,2019,178,655,.125,26.32,54.3,479.1,15.97,12.77,3.104
107,2019,178,655,10,26.32,54.41,479.7,16,12.77,3.104
107,2019,178,655,20,26.32,54.83,480.5,16.1,12.78,3.104
107,2019,178,655,30,26.32,55.15,481.7,16.14,12.76,3.104
107,2019,178,655,40,26.32,55.01,485.2,16.09,12.79,3.104
107,2019,178,655,50,26.32,55.03,485.3,16.08,12.77,3.104
107,2019,178,656,0,26.32,55.05,483.8,16.07,12.79,3.104
107,2019,178,656,10,26.31,54.94,482.6,16.04,12.76,3.104
107,2019,178,656,20,26.27,55.04,483.3,16.06,12.78,3.104
107,2019,178,656,30,26.26,54.99,482.5,16.01,12.77,3.104
107,2019,178,656,40,26.26,54.81,481.5,15.96,12.78,3.104
107,2019,178,656,50,26.26,54.8,482.1,15.95,12.76,3.104
107,2019,178,657,0,26.26,55.07,484.2,16.03,12.79,3.104
107,2019,178,657,10,26.25,55.1,481.6,16,12.78,3.104
107,2019,178,657,20,26.2,55.05,482.4,15.95,12.75,3.104
107,2019,178,657,30,26.19,55,482.8,15.91,12.78,3.104
107,2019,178,657,40.13,26.19,55.63,481.6,16.1,12.77,3.104
107,2019,178,657,50,26.19,56.94,481.2,16.41,12.77,3.104
107,2019,178,658,0,26.19,56.25,482.3,16.17,12.76,3.104
107,2019,178,658,10,26.19,56,484.1,16.18,12.78,3.104
107,2019,178,658,20.13,26.19,56.28,480.9,16.25,12.76,3.104
107,2019,178,658,30,26.19,56.05,481.1,16.15,12.77,3.104
107,2019,178,658,40,26.19,55.94,481.9,16.09,12.77,3.104
107,2019,178,658,50,26.18,55.86,481.8,16.1,12.77,3.104
107,2019,178,659,0,26.13,55.69,484.1,16.03,12.76,3.104
107,2019,178,659,10,26.12,55.63,484.2,16,12.77,3.104
107,2019,178,659,20,26.12,55.49,481.1,15.96,12.78,3.104
107,2019,178,659,30,26.12,55.35,490.3,15.95,12.77,3.104
107,2019,178,659,40,26.12,55.6,488.3,15.99,12.78,3.104
107,2019,178,659,50,26.12,55.66,484.2,15.98,12.77,3.104
107,2019,178,700,0,26.12,55.47,482.3,15.92,12.77,3.104
107,2019,178,700,10,26.12,55.58,480.7,15.96,12.76,3.104
107,2019,178,700,20,26.12,55.48,483.8,15.92,12.77,3.104
107,2019,178,700,30,26.12,55.65,480.9,15.96,12.76,3.104
107,2019,178,700,40,26.12,55.93,481.8,16.02,12.78,3.104
107,2019,178,700,50,26.11,55.58,481.7,15.9,12.77,3.104
107,2019,178,701,0,26.1,55.7,485.9,15.96,12.78,3.104
107,2019,178,701,10,26.07,55.58,481.9,15.91,12.75,3.104
107,2019,178,701,20,26.06,55.6,483.9,15.92,12.77,3.104
107,2019,178,701,30,26.05,55.98,480.7,16.03,12.78,3.104
107,2019,178,701,40,26.05,56.61,482.1,16.18,12.76,3.104
107,2019,178,701,50,26.05,56.46,482.2,16.09,12.77,3.104
107,2019,178,702,0,26.05,56.1,488.1,16.02,12.76,3.104
107,2019,178,702,10,26.05,56.09,480.5,16.02,12.77,3.104
107,2019,178,702,20,26.05,56.21,489.8,16.05,12.77,3.104
107,2019,178,702,30,26.05,56.06,483,16,12.77,3.104
107,2019,178,702,40,26.05,56.1,512.8,16.03,12.75,3.104
107,2019,178,702,50,26.05,56.05,483.4,16.08,12.77,3.104
107,2019,178,703,0,26.08,55.73,481.3,15.99,12.74,3.104
107,2019,178,703,10,26.12,55.62,479.9,16.03,12.77,3.104
107,2019,178,703,20,26.12,54.58,480.4,15.79,12.75,3.104
107,2019,178,703,30,26.1,54.72,481.6,15.78,12.74,3.104
107,2019,178,703,40.13,26.05,58.41,474.6,16.39,12.77,3.104
107,2019,178,703,50,25.95,60.8,473.9,16.86,12.76,3.104
107,2019,178,704,0,25.83,62.41,473.6,17.11,12.77,3.104
107,2019,178,704,10,25.78,61.81,472.9,17.02,12.75,3.104
107,2019,178,704,20.13,25.79,59.85,477.5,16.64,12.77,3.104
107,2019,178,704,30,25.84,61.4,473.4,17.06,12.76,3.104
107,2019,178,704,40,25.91,62.45,471.8,17.4,12.77,3.104
107,2019,178,704,50,25.9,57.58,479.9,16.57,12.75,3.104
107,2019,178,705,0,25.92,59.19,478.1,16.61,12.78,3.104
107,2019,178,705,10,25.92,58.85,479.1,16.78,12.77,3.104
107,2019,178,705,20,25.92,56.57,481.3,16.17,12.77,3.104
107,2019,178,705,30,25.92,57.76,481.7,16.37,12.77,3.104
107,2019,178,705,40,25.92,58.94,483.8,16.6,12.75,3.104
107,2019,178,705,50,25.92,59.15,488.9,16.66,12.78,3.104
107,2019,178,706,0,25.87,59.41,499.8,16.69,12.77,3.104
107,2019,178,706,10,25.75,59.38,492.4,16.51,12.77,3.104
107,2019,178,706,20,25.66,60.74,484.1,16.7,12.77,3.104
107,2019,178,706,30,25.59,60.02,482,16.39,12.77,3.104
107,2019,178,706,40,25.59,61.34,486.8,16.83,12.77,3.104
107,2019,178,706,50,25.6,59.98,489.9,16.51,12.78,3.104
107,2019,178,707,.125,25.65,59.19,491.5,16.36,12.76,3.104
107,2019,178,707,10,25.7,59.13,496.7,16.44,12.78,3.104
107,2019,178,707,20,25.75,58.8,505,16.44,12.77,3.104
107,2019,178,707,30,25.82,57.17,503.8,16.15,12.77,3.104
107,2019,178,707,40,25.88,55.9,496.6,15.98,12.77,3.104
107,2019,178,707,50,25.96,55.22,489.9,15.9,12.75,3.104
107,2019,178,708,0,26.04,54.8,497.9,15.85,12.78,3.104
107,2019,178,708,10,26.14,54.54,522.7,15.9,12.77,3.104
107,2019,178,708,20.13,26.2,53.71,492.3,15.81,12.77,3.104
107,2019,178,708,30,26.25,53.76,487.8,15.81,12.77,3.104
107,2019,178,708,40,26.25,53.9,489.2,15.83,12.78,3.104
107,2019,178,708,50,26.25,54.38,489.3,15.9,12.76,3.104
107,2019,178,709,0,26.25,55.61,490.9,16.13,12.77,3.104
107,2019,178,709,10,26.31,56.36,499.4,16.39,12.76,3.104
107,2019,178,709,20,26.32,56.05,493,16.4,12.77,3.104
107,2019,178,709,30,26.32,56.36,491.3,16.43,12.75,3.104
107,2019,178,709,40.13,26.33,56.9,498.9,16.63,12.77,3.104
107,2019,178,709,50,26.32,56.97,500.1,16.61,12.75,3.104
107,2019,178,710,0,26.33,58,500.2,16.81,12.75,3.104
107,2019,178,710,10,26.39,58.58,508.3,17.02,12.77,3.104
107,2019,178,710,20,26.39,57.62,503,16.88,12.75,3.104
107,2019,178,710,30,26.39,57.32,506.5,16.77,12.77,3.104
107,2019,178,710,40,26.4,58.04,512.2,16.95,12.75,3.104
107,2019,178,710,50,26.46,57.62,512.8,16.87,12.77,3.104
107,2019,178,711,0,26.46,58.02,532.7,17.08,12.75,3.104
107,2019,178,711,10,26.46,57.14,546.6,16.88,12.77,3.104
107,2019,178,711,20,26.46,57.2,509.4,16.85,12.75,3.104
107,2019,178,711,30,26.46,56.8,507,16.76,12.77,3.104
107,2019,178,711,40,26.46,56.76,517.3,16.71,12.75,3.104
107,2019,178,711,50,26.46,57.27,552,16.81,12.77,3.104
107,2019,178,712,0,26.49,57.39,548.4,16.91,12.77,3.104
107,2019,178,712,10,26.52,56.56,521.5,16.82,12.75,3.104
107,2019,178,712,20.13,26.52,56.35,505,16.72,12.77,3.104
107,2019,178,712,30,26.52,57.09,505.1,16.87,12.76,3.104
107,2019,178,712,40,26.52,56.49,500.9,16.77,12.77,3.104
107,2019,178,712,50,26.49,55.88,504.4,16.6,12.75,3.104
107,2019,178,713,.125,26.46,55.69,503.3,16.5,12.77,3.104
107,2019,178,713,10,26.46,55.37,507.6,16.46,12.75,3.104
107,2019,178,713,20,26.46,55.01,507.7,16.36,12.77,3.104
107,2019,178,713,30,26.42,55.01,506.4,16.29,12.76,3.104
107,2019,178,713,40,26.43,55.03,514.6,16.28,12.77,3.104
107,2019,178,713,50,26.46,54.83,506,16.28,12.75,3.104
107,2019,178,714,0,26.52,55.09,514,16.39,12.77,3.104
107,2019,178,714,10,26.52,55.47,503.6,16.48,12.77,3.104
107,2019,178,714,20,26.5,57.33,506.1,16.75,12.75,3.104
107,2019,178,714,30,26.52,57.08,513.5,16.92,12.77,3.104
107,2019,178,714,40,26.57,55.9,504.6,16.67,12.75,3.104
107,2019,178,714,50,26.52,54.9,512.2,16.38,12.77,3.104
107,2019,178,715,0,26.52,55.36,516.7,16.44,12.75,3.104
107,2019,178,715,10,26.54,55.99,507.6,16.58,12.77,3.104
107,2019,178,715,20,26.59,56.49,500.9,16.76,12.75,3.104
107,2019,178,715,30,26.59,56.89,506.8,16.8,12.77,3.104
107,2019,178,715,40,26.61,57.58,510.9,17.08,12.75,3.104
107,2019,178,715,50,26.6,55.9,497.8,16.7,12.77,3.104
107,2019,178,716,0,26.59,55.07,496,16.47,12.75,3.104
107,2019,178,716,10,26.59,54.72,498.5,16.37,12.77,3.104
107,2019,178,716,20,26.63,54.96,502,16.43,12.77,3.104
107,2019,178,716,30,26.59,55.2,504.8,16.44,12.76,3.104
107,2019,178,716,40,26.59,55.38,511.3,16.43,12.77,3.104
107,2019,178,716,50,26.65,55.34,513.8,16.48,12.76,3.104
107,2019,178,717,0,26.66,55.15,506.8,16.48,12.77,3.104
107,2019,178,717,10,26.72,55.16,507.5,16.5,12.75,3.104
107,2019,178,717,20,26.77,55.97,511.2,16.75,12.77,3.104
107,2019,178,717,30,26.83,55.53,508.5,16.73,12.76,3.104
107,2019,178,717,40,26.86,55.37,504.1,16.7,12.76,3.104
107,2019,178,717,50,26.8,56.11,507.8,16.82,12.75,3.104
107,2019,178,718,0,26.79,56.52,517.5,16.9,12.77,3.104
107,2019,178,718,10,26.83,56.72,528.1,16.99,12.75,3.104
107,2019,178,718,20.13,26.86,56.38,531.2,16.89,12.74,3.104
107,2019,178,718,30,26.84,57.39,522.2,17.13,12.77,3.104
107,2019,178,718,40,26.78,57.13,519.2,17.07,12.75,3.104
107,2019,178,718,50,26.72,57.01,518.7,16.91,12.77,3.104
107,2019,178,719,.125,26.67,57.34,525.2,16.96,12.75,3.104
107,2019,178,719,10,26.71,57.78,658.5,17.07,12.77,3.104
107,2019,178,719,20,26.81,55.56,589.4,16.76,12.76,3.104
107,2019,178,719,30,26.86,54.07,516.6,16.42,12.78,3.104
107,2019,178,719,40,26.86,53.87,500.3,16.36,12.75,3.104
107,2019,178,719,50,26.86,54.23,514,16.42,12.77,3.104
107,2019,178,720,0,26.89,54.49,511.7,16.5,12.76,3.104
107,2019,178,720,10,26.92,54.85,507.1,16.58,12.78,3.104
107,2019,178,720,20,26.93,54.57,528.5,16.55,12.75,3.104
107,2019,178,720,30,26.99,55.47,515.7,16.73,12.75,3.104
107,2019,178,720,40,26.99,54.79,642.6,16.61,12.77,3.104
107,2019,178,720,50,26.99,54.4,541.4,16.57,12.76,3.104
107,2019,178,721,0,26.99,53.75,519.4,16.41,12.77,3.104
107,2019,178,721,10,26.99,54.08,605.6,16.44,12.75,3.104
107,2019,178,721,20,26.98,54.23,548.9,16.47,12.77,3.104
107,2019,178,721,30,26.96,54.11,539.9,16.42,12.75,3.104
107,2019,178,721,40.13,26.92,54.04,508.3,16.38,12.77,3.104
107,2019,178,721,50,26.92,54.68,561.4,16.48,12.75,3.104
107,2019,178,722,0,26.92,55.17,594.9,16.56,12.77,3.104
107,2019,178,722,10,26.92,55.5,701,16.62,12.76,3.104
107,2019,178,722,20,26.92,55.16,546.2,16.5,12.77,3.104
107,2019,178,722,30,26.91,54.57,528.5,16.43,12.76,3.104
107,2019,178,722,40,26.86,54.67,545.1,16.45,12.75,3.104
107,2019,178,722,50,26.86,54.78,557.2,16.46,12.77,3.104
107,2019,178,723,.125,26.91,54.58,520.1,16.46,12.75,3.104
107,2019,178,723,10,26.92,54.33,528.3,16.41,12.77,3.104
107,2019,178,723,20,26.93,53.91,503.4,16.35,12.76,3.104
107,2019,178,723,30,26.99,53.86,506.1,16.36,12.77,3.104
107,2019,178,723,40,26.99,54.01,504.8,16.43,12.74,3.104
107,2019,178,723,50,26.99,53.83,498.1,16.39,12.77,3.104
107,2019,178,724,0,26.99,53.58,497.4,16.31,12.76,3.104
107,2019,178,724,10,26.99,53.4,492.4,16.26,12.77,3.104
107,2019,178,724,20.13,26.99,53.79,494.6,16.34,12.75,3.104
107,2019,178,724,30,26.99,54.57,503.4,16.52,12.77,3.104
107,2019,178,724,40,26.99,54.23,495.9,16.45,12.75,3.104
107,2019,178,724,50,26.99,54.37,498.7,16.44,12.75,3.104
107,2019,178,725,0,26.95,54.84,494.1,16.53,12.77,3.104
107,2019,178,725,10,26.92,54.81,496,16.52,12.75,3.104
107,2019,178,725,20,26.94,54.32,524.5,16.42,12.77,3.104
107,2019,178,725,30,26.98,53.83,507,16.33,12.75,3.104
107,2019,178,725,40,26.98,53.7,525.6,16.28,12.77,3.104
107,2019,178,725,50,26.99,53.7,505.9,16.29,12.75,3.104
107,2019,178,726,0,26.99,53.62,491.6,16.26,12.77,3.104
107,2019,178,726,10,26.99,53.73,496.5,16.29,12.76,3.104
107,2019,178,726,20,26.99,53.94,504.7,16.35,12.76,3.104
107,2019,178,726,30,26.99,53.48,500.8,16.23,12.75,3.104
107,2019,178,726,40,26.99,53.5,518.6,16.23,12.77,3.104
107,2019,178,726,50,26.99,53.31,488.1,16.18,12.76,3.104
107,2019,178,727,.125,26.96,53.64,489.2,16.22,12.74,3.104
107,2019,178,727,10,26.92,53.77,489.8,16.21,12.75,3.104
107,2019,178,727,20,26.92,53.84,489.4,16.22,12.75,3.104
107,2019,178,727,30,26.91,54.04,495.6,16.22,12.77,3.104
107,2019,178,727,40.13,26.85,54.07,487.7,16.21,12.75,3.104
107,2019,178,727,50,26.84,54.25,485.2,16.2,12.77,3.104
107,2019,178,728,0,26.79,54.49,489.5,16.21,12.76,3.104
107,2019,178,728,10,26.79,54.53,488.6,16.22,12.77,3.104
107,2019,178,728,20,26.77,54.39,487.1,16.16,12.74,3.104
107,2019,178,728,30,26.74,54.44,517.9,16.17,12.77,3.104
107,2019,178,728,40,26.77,54.78,653.3,16.3,12.75,3.104
107,2019,178,728,50,26.79,54.9,552.1,16.33,12.77,3.104
107,2019,178,729,0,26.8,54.55,505.8,16.28,12.76,3.104
107,2019,178,729,10,26.85,54.32,497,16.24,12.75,3.104
107,2019,178,729,20,26.85,54.2,496.5,16.24,12.77,3.104
107,2019,178,729,30,26.9,53.92,486,16.21,12.76,3.104
107,2019,178,729,40,26.92,53.67,517.5,16.2,12.76,3.104
107,2019,178,729,50,26.96,53.53,499.9,16.2,12.76,3.104
107,2019,178,730,0,26.98,53.38,490.5,16.21,12.77,3.104
107,2019,178,730,10,26.98,53.28,490.5,16.21,12.74,3.104
107,2019,178,730,20,27.02,53.38,492.3,16.26,12.76,3.104
107,2019,178,730,30,27.05,53.35,489.2,16.27,12.75,3.104
107,2019,178,730,40,27.05,53.11,488.1,16.24,12.77,3.104
107,2019,178,730,50,27.05,52.98,489.1,16.2,12.74,3.104
107,2019,178,731,0,27.05,53.11,494.4,16.25,12.75,3.104
107,2019,178,731,10,27.05,53.48,492.8,16.34,12.77,3.104
107,2019,178,731,20,27.05,53.62,489.8,16.38,12.75,3.104
107,2019,178,731,30,27.05,53.72,489.1,16.38,12.77,3.104
107,2019,178,731,40,27.05,54.08,511.6,16.46,12.74,3.104
107,2019,178,731,50,27.05,54.33,493.2,16.53,12.77,3.104
107,2019,178,732,0,27,54.5,490,16.55,12.77,3.104
107,2019,178,732,10,26.98,54.55,489.3,16.53,12.77,3.104
107,2019,178,732,20,26.98,54.69,493.4,16.55,12.73,3.104
107,2019,178,732,30,26.98,54.87,504.6,16.6,12.75,3.104
107,2019,178,732,40,26.98,54.76,502.4,16.61,12.75,3.104
107,2019,178,732,50,26.98,54.62,490.6,16.61,12.75,3.104
107,2019,178,733,.125,26.98,54.61,489.1,16.58,12.75,3.104
107,2019,178,733,10,26.98,55.05,499.1,16.68,12.75,3.104
107,2019,178,733,20,26.98,55.61,499.6,16.81,12.76,3.104
107,2019,178,733,30,26.98,55.73,506.3,16.83,12.73,3.104
107,2019,178,733,40.13,26.98,56.01,500,16.9,12.74,3.104
107,2019,178,733,50,26.98,55.96,524.4,16.9,12.73,3.104
107,2019,178,734,0,26.98,55.78,531.8,16.9,12.75,3.104
107,2019,178,734,10,27.03,55.73,596.4,16.91,12.73,3.104
107,2019,178,734,20,27.05,55.62,568.4,16.93,12.74,3.104
107,2019,178,734,30,27.05,54.63,574.7,16.68,12.73,3.104
107,2019,178,734,40,27.05,54.74,520.6,16.76,12.75,3.104
107,2019,178,734,50,27.05,55.15,494.1,16.87,12.73,3.104
107,2019,178,735,0,27.05,55.37,521.5,16.89,12.74,3.104
107,2019,178,735,10,27.05,55.65,536.2,17.03,12.73,3.104
107,2019,178,735,20,27.05,55.95,577.8,17.11,12.73,3.104
107,2019,178,735,30,27.05,56.01,495,17.13,12.74,3.104
107,2019,178,735,40,27.05,55.98,491.7,17.08,12.72,3.104
107,2019,178,735,50,27.05,56.06,630.5,17.1,12.73,3.104
107,2019,178,736,0,27.05,55.87,520.9,17.03,12.73,3.104
107,2019,178,736,10,27.07,55.62,493.9,16.99,12.74,3.104
107,2019,178,736,20.13,27.11,55.72,494.2,17.04,12.73,3.104
107,2019,178,736,30,27.12,55.77,495.4,17.06,12.74,3.104
107,2019,178,736,40,27.12,55.73,495.1,17.04,12.73,3.104
107,2019,178,736,50,27.18,55.81,493.8,17.18,12.74,3.104
107,2019,178,737,0,27.18,55.5,494,17.1,12.73,3.104
107,2019,178,737,10,27.18,55.46,493.3,17.09,12.74,3.104
107,2019,178,737,20,27.18,55.41,491.5,17.04,12.73,3.104
107,2019,178,737,30,27.16,55.66,494.2,17.06,12.72,3.104
107,2019,178,737,40.13,27.12,55.5,491.7,16.99,12.73,3.104
107,2019,178,737,50,27.12,55.52,490.1,16.98,12.75,3.104
107,2019,178,738,0,27.12,55.94,493.9,17.04,12.77,3.104
107,2019,178,738,10,27.12,56.22,497.5,17.11,12.76,3.104
107,2019,178,738,20,27.12,56.48,518.3,17.34,12.75,3.104
107,2019,178,738,30,27.14,56.88,712,17.48,12.75,3.104
107,2019,178,738,40,27.18,57.12,659.6,17.61,12.77,3.104
107,2019,178,738,50,27.18,57.6,682.9,17.88,12.73,3.104
107,2019,178,739,.125,27.18,57.18,521.2,17.62,12.75,3.104
107,2019,178,739,10,27.18,56.2,536.1,17.28,12.72,3.104
107,2019,178,739,20,27.21,56.11,533.8,17.28,12.75,3.104
107,2019,178,739,30,27.25,56.32,603.5,17.39,12.71,3.104
107,2019,178,739,40,27.25,56.36,567.5,17.35,12.71,3.104
107,2019,178,739,50,27.27,56.3,514.2,17.3,12.75,3.104
107,2019,178,740,0,27.31,56.3,508.1,17.36,12.71,3.104
107,2019,178,740,10,27.32,56.3,503.3,17.37,12.75,3.104
107,2019,178,740,20,27.32,56.17,505.1,17.35,12.73,3.104
107,2019,178,740,30,27.32,55.48,503.4,17.23,12.77,3.104
107,2019,178,740,40,27.32,55.37,505.8,17.21,12.74,3.104
107,2019,178,740,50,27.32,55.42,509.1,17.21,12.77,3.104
107,2019,178,741,0,27.32,55.63,503,17.24,12.74,3.104
107,2019,178,741,10,27.32,55.81,514.1,17.28,12.77,3.104
107,2019,178,741,20,27.32,55.52,502.3,17.2,12.74,3.104
107,2019,178,741,30,27.32,55.16,498.2,17.12,12.76,3.104
107,2019,178,741,40.13,27.33,55,498.7,17.08,12.76,3.104
107,2019,178,741,50,27.38,55,503.4,17.11,12.74,3.104
107,2019,178,742,0,27.38,55,516.5,17.11,12.76,3.104
107,2019,178,742,10,27.38,55.15,510.5,17.21,12.75,3.104
107,2019,178,742,20.13,27.41,54.94,499.4,17.14,12.77,3.104
107,2019,178,742,30,27.45,54.69,495,17.07,12.74,3.104
107,2019,178,742,40,27.46,54.57,494.2,17.06,12.76,3.104
107,2019,178,742,50,27.52,54.43,493.7,17.05,12.75,3.104
107,2019,178,743,0,27.52,54.28,493.8,17.04,12.76,3.104
107,2019,178,743,10,27.54,54.17,493.3,17.03,12.74,3.104
107,2019,178,743,20,27.58,54.08,493.9,17.03,12.77,3.104
107,2019,178,743,30,27.58,54.04,492.9,17.03,12.75,3.104
107,2019,178,743,40,27.58,53.88,490.9,17.01,12.77,3.104
107,2019,178,743,50,27.62,53.9,492,17.03,12.76,3.104
107,2019,178,744,0,27.65,53.97,496.4,17.06,12.74,3.104
107,2019,178,744,10,27.65,53.86,492.5,17.07,12.75,3.104
107,2019,178,744,20,27.6,53.68,488.9,17,12.73,3.104
107,2019,178,744,30,27.55,53.86,486.6,16.94,12.75,3.104
107,2019,178,744,40,27.52,54.38,489.3,17.02,12.74,3.104
107,2019,178,744,50,27.52,54.39,493.3,17,12.76,3.104
107,2019,178,745,0,27.5,54.22,488.5,16.98,12.73,3.104
107,2019,178,745,10,27.42,54.17,485.5,16.84,12.74,3.104
107,2019,178,745,20,27.38,54.38,495.2,16.87,12.73,3.104
107,2019,178,745,30,27.43,54.6,514.9,16.96,12.75,3.104
107,2019,178,745,40,27.43,55.04,489.2,17.05,12.74,3.104
107,2019,178,745,50,27.39,54.93,488,16.96,12.75,3.104
107,2019,178,746,0,27.38,56.12,492,17.33,12.75,3.104
107,2019,178,746,10,27.38,57.44,538.8,17.48,12.73,3.104
107,2019,178,746,20,27.34,57.42,492.2,17.48,12.75,3.104
107,2019,178,746,30,27.36,57.54,490.1,17.58,12.74,3.104
107,2019,178,746,40,27.38,58.01,489.1,17.65,12.75,3.104
107,2019,178,746,50,27.43,55.96,485.3,16.99,12.73,3.104
107,2019,178,747,0,27.45,55,486.7,16.91,12.74,3.104
107,2019,178,747,10,27.45,54.9,506.9,16.99,12.73,3.104
107,2019,178,747,20,27.45,54.91,499.1,16.97,12.75,3.104
107,2019,178,747,30,27.45,54.74,494.2,16.93,12.74,3.104
107,2019,178,747,40.13,27.45,54.74,495,16.95,12.75,3.104
107,2019,178,747,50,27.48,54.67,499.1,16.97,12.73,3.104
107,2019,178,748,0,27.52,54.51,505.5,16.96,12.73,3.104
107,2019,178,748,10,27.52,54.45,513.7,16.96,12.75,3.104
107,2019,178,748,20.13,27.52,54.77,520.9,17.1,12.73,3.104
107,2019,178,748,30,27.52,55,506.9,17.05,12.75,3.104
107,2019,178,748,40,27.52,54.92,521.6,17.04,12.73,3.104
107,2019,178,748,50,27.58,55.08,514.6,17.2,12.75,3.104
107,2019,178,749,0,27.58,55.16,525.9,17.18,12.73,3.104
107,2019,178,749,10,27.58,55.26,497.7,17.26,12.75,3.104
107,2019,178,749,20,27.58,55.51,492.6,17.32,12.72,3.104
107,2019,178,749,30,27.58,55.49,501.8,17.24,12.75,3.104
107,2019,178,749,40,27.58,54.79,582,17.12,12.73,3.104
107,2019,178,749,50,27.58,54.62,505.2,17.08,12.75,3.104
107,2019,178,750,0,27.52,54.73,500.9,17.1,12.73,3.104
107,2019,178,750,10,27.52,54.5,499.3,17.02,12.73,3.104
107,2019,178,750,20,27.52,54.29,491.8,16.94,12.74,3.104
107,2019,178,750,30,27.52,54.29,493.4,16.93,12.73,3.104
107,2019,178,750,40,27.52,54.31,491.1,16.94,12.75,3.104
107,2019,178,750,50,27.52,54.28,491.7,16.96,12.73,3.104
107,2019,178,751,.125,27.56,54.33,487,16.98,12.74,3.104
107,2019,178,751,10,27.58,54.13,485.4,16.95,12.73,3.104
107,2019,178,751,20,27.57,54.1,512.8,16.96,12.74,3.104
107,2019,178,751,30,27.54,54.07,514,16.93,12.73,3.104
107,2019,178,751,40,27.58,54.11,514.4,16.96,12.75,3.104
107,2019,178,751,50,27.58,54.01,492.2,16.94,12.73,3.104
107,2019,178,752,0,27.58,54.49,490,17.04,12.75,3.104
107,2019,178,752,10,27.58,54.8,490.8,17.14,12.74,3.104
107,2019,178,752,20.13,27.58,55.22,500.1,17.23,12.73,3.104
107,2019,178,752,30,27.58,55.29,499.8,17.43,12.75,3.104
107,2019,178,752,40,27.62,55.63,487.8,17.6,12.73,3.104
107,2019,178,752,50,27.65,55.71,491.1,17.56,12.75,3.104
107,2019,178,753,0,27.65,55.68,485.3,17.51,12.73,3.104
107,2019,178,753,10,27.65,55.48,486.1,17.43,12.75,3.104
107,2019,178,753,20,27.65,55.8,489,17.62,12.73,3.104
107,2019,178,753,30,27.65,55.75,489.1,17.5,12.75,3.104
107,2019,178,753,40.13,27.65,54.94,490.1,17.17,12.72,3.104
107,2019,178,753,50,27.65,54.21,528.3,17.15,12.74,3.104
107,2019,178,754,0,27.65,53.66,577.9,17.02,12.71,3.104
107,2019,178,754,10,27.65,53.58,534.3,17,12.74,3.104
107,2019,178,754,20,27.65,53.52,504.6,16.98,12.74,3.104
107,2019,178,754,30,27.69,53.79,502.1,17.11,12.71,3.104
107,2019,178,754,40,27.72,54,505.5,17.1,12.74,3.104
107,2019,178,754,50,27.72,54.41,490.8,17.22,12.72,3.104
107,2019,178,755,0,27.72,53.84,491.4,17.1,12.74,3.104
107,2019,178,755,10,27.72,53.27,491.2,16.96,12.71,3.104
107,2019,178,755,20,27.72,53.17,486.4,16.93,12.74,3.104
107,2019,178,755,30,27.72,53.15,488.5,16.92,12.72,3.104
107,2019,178,755,40,27.72,53.12,488.6,16.89,12.73,3.104
107,2019,178,755,50,27.72,53.59,486,17.05,12.73,3.104
107,2019,178,756,0,27.72,53.76,487.5,17.06,12.73,3.104
107,2019,178,756,10,27.72,53.81,497.2,17.07,12.73,3.104
107,2019,178,756,20.13,27.72,53.86,488.6,17.11,12.71,3.104
107,2019,178,756,30,27.73,54.13,499.3,17.24,12.74,3.104
107,2019,178,756,40,27.78,54.07,495.2,17.17,12.71,3.104
107,2019,178,756,50,27.78,53.38,486.8,17.01,12.73,3.104
107,2019,178,757,.125,27.78,53.47,485.9,17.03,12.72,3.104
107,2019,178,757,10,27.8,53.24,526.7,16.99,12.74,3.104
107,2019,178,757,20,27.85,52.95,520.1,17,12.73,3.104
107,2019,178,757,30,27.85,52.82,494.4,16.98,12.74,3.104
107,2019,178,757,40,27.85,53.04,491.8,17.06,12.72,3.104
107,2019,178,757,50,27.85,53.45,494.9,17.17,12.74,3.104
107,2019,178,758,0,27.85,53.69,492,17.19,12.71,3.104
107,2019,178,758,10,27.85,53.88,492.8,17.22,12.74,3.104
107,2019,178,758,20,27.85,53.96,501.5,17.28,12.72,3.104
107,2019,178,758,30,27.85,53.54,545.6,17.15,12.74,3.104
107,2019,178,758,40,27.9,53.21,500.2,17.11,12.74,3.104
107,2019,178,758,50,27.92,54.18,495.7,17.42,12.72,3.104
107,2019,178,759,0,27.92,55.08,500,17.63,12.73,3.104
107,2019,178,759,10,27.91,54.81,494.7,17.5,12.71,3.104
107,2019,178,759,20,27.92,55.23,494,17.67,12.74,3.104
107,2019,178,759,30,27.92,54.28,495.8,17.36,12.73,3.104
107,2019,178,759,40,27.86,53.52,497,17.17,12.74,3.104
107,2019,178,759,50,27.85,53.07,501.3,16.99,12.71,3.104
107,2019,178,800,0,27.85,53.12,494,16.99,12.74,3.104
107,2019,178,800,10,27.85,53.18,493.5,16.99,12.73,3.104
107,2019,178,800,20,27.85,53.3,494.3,17,12.73,3.104
107,2019,178,800,30,27.85,53.39,586.8,17.03,12.71,3.104
107,2019,178,800,40,27.85,53.18,495.2,16.98,12.74,3.104
107,2019,178,800,50,27.85,52.79,490.3,16.91,12.73,3.104
107,2019,178,801,0,27.85,52.66,493.9,16.89,12.72,3.104
107,2019,178,801,10,27.85,52.9,492.2,16.94,12.75,3.104
107,2019,178,801,20,27.85,53.38,493.7,17.06,12.71,3.104
107,2019,178,801,30,27.82,53.37,489.8,17.02,12.74,3.104
107,2019,178,801,40,27.78,53.18,487.5,16.93,12.72,3.104
107,2019,178,801,50,27.78,53.35,487.7,16.96,12.73,3.104
107,2019,178,802,0,27.78,53.65,487.9,17.06,12.72,3.104
107,2019,178,802,10,27.82,53.42,487.6,16.99,12.74,3.104
107,2019,178,802,20.13,27.85,53.54,486.8,17.1,12.72,3.104
107,2019,178,802,30,27.85,53.78,487.1,17.2,12.73,3.104
107,2019,178,802,40,27.89,54.02,497.5,17.27,12.71,3.104
107,2019,178,802,50,27.92,53.83,494.8,17.28,12.71,3.104
107,2019,178,803,.125,27.92,53.99,494.9,17.36,12.72,3.104
107,2019,178,803,10,27.96,54.19,537.9,17.37,12.71,3.104
107,2019,178,803,20,27.98,54.08,526.8,17.41,12.73,3.104
107,2019,178,803,30,27.98,53.59,557.7,17.3,12.71,3.104
107,2019,178,803,40,28.02,53.12,505.2,17.25,12.73,3.104
107,2019,178,803,50,28.05,52.87,493.4,17.21,12.71,3.104
107,2019,178,804,0,27.99,52.66,493,17.11,12.73,3.104
107,2019,178,804,10,27.98,53.23,492.8,17.2,12.7,3.104
107,2019,178,804,20,27.98,53.96,490,17.39,12.74,3.104
107,2019,178,804,30,27.98,53.84,489,17.33,12.73,3.104
107,2019,178,804,40,27.98,53.72,490.2,17.29,12.75,3.104
107,2019,178,804,50,27.98,53.74,488.2,17.33,12.72,3.104
107,2019,178,805,0,28.04,54.65,490,17.69,12.71,3.104
107,2019,178,805,10,28.05,55.52,489,17.87,12.74,3.104
107,2019,178,805,20,28.03,57.87,487.5,18.44,12.72,3.104
107,2019,178,805,30,27.98,56.02,488.2,17.86,12.74,3.104
107,2019,178,805,40.13,27.92,55.87,489.2,17.81,12.73,3.104
107,2019,178,805,50,27.92,56.47,490.5,17.89,12.74,3.104
107,2019,178,806,0,27.87,56.53,488.7,17.89,12.72,3.104
107,2019,178,806,10,27.92,56.76,487.8,18,12.74,3.104
107,2019,178,806,20,27.92,56.55,489.4,17.94,12.71,3.104
107,2019,178,806,30,27.92,56.96,490.4,18.05,12.74,3.104
107,2019,178,806,40,27.92,57.81,493.1,18.28,12.72,3.104
107,2019,178,806,50,27.92,56.93,493.8,18.08,12.73,3.104
107,2019,178,807,.125,27.92,57.37,490.7,18.16,12.74,3.104
107,2019,178,807,10,27.92,56.83,493,18.09,12.71,3.104
107,2019,178,807,20,27.92,55.07,494,17.62,12.74,3.104
107,2019,178,807,30,27.92,55.25,493,17.68,12.71,3.104
107,2019,178,807,40,27.92,53.92,493.2,17.34,12.73,3.104
107,2019,178,807,50,27.92,53.32,520,17.22,12.72,3.104
107,2019,178,808,0,27.97,53.43,498,17.26,12.74,3.104
107,2019,178,808,10,27.98,54.68,493.2,18.16,12.72,3.104
107,2019,178,808,20.13,28.02,55.86,493.2,18.23,12.73,3.104
107,2019,178,808,30,28.05,55.13,497.2,17.77,12.72,3.104
107,2019,178,808,40,28.05,54.2,493.1,17.48,12.74,3.104
107,2019,178,808,50,28.05,53.02,490,17.15,12.72,3.104
107,2019,178,809,0,28.06,52.9,490.8,17.2,12.73,3.104
107,2019,178,809,10,28.1,52.94,490.5,17.24,12.72,3.104
107,2019,178,809,20,28.12,52.94,490.1,17.29,12.71,3.104
107,2019,178,809,30,28.12,53.09,490.9,17.35,12.74,3.104
107,2019,178,809,40,28.18,53.39,489.2,17.63,12.71,3.104
107,2019,178,809,50,28.18,53.6,493.2,17.56,12.73,3.104
107,2019,178,810,0,28.23,53.79,490.9,17.62,12.73,3.104
107,2019,178,810,10,28.24,55.32,492,18.05,12.73,3.104
107,2019,178,810,20,28.18,56.25,490.8,18.13,12.72,3.104
107,2019,178,810,30,28.16,57.13,487.5,18.32,12.73,3.104
107,2019,178,810,40,28.12,57.08,490.5,18.26,12.71,3.104
107,2019,178,810,50,28.07,56.83,492.9,18.15,12.74,3.104
107,2019,178,811,.125,28.05,56,494.6,17.86,12.72,3.104
107,2019,178,811,10,28.05,54.99,498.9,17.52,12.73,3.104
107,2019,178,811,20,28.05,54.83,498.4,17.38,12.73,3.104
107,2019,178,811,30,28.05,54.6,497.7,17.36,12.71,3.104
107,2019,178,811,40.13,28.1,54.38,502,17.43,12.74,3.104
107,2019,178,811,50,28.12,54.24,498.2,17.52,12.71,3.104
107,2019,178,812,0,28.12,53.59,493.5,17.24,12.73,3.104
107,2019,178,812,10,28.12,52.62,490.1,17.02,12.72,3.104
107,2019,178,812,20,28.11,52.08,490.3,16.93,12.73,3.104
107,2019,178,812,30,28.12,52.19,495.4,17.01,12.73,3.104
107,2019,178,812,40,28.12,51.92,511.4,16.91,12.75,3.104
107,2019,178,812,50,28.16,51.82,538.5,16.86,12.73,3.104
107,2019,178,813,0,28.18,51.9,573.5,16.9,12.75,3.104
107,2019,178,813,10,28.22,51.74,521.8,16.85,12.73,3.104
107,2019,178,813,20,28.25,51.5,507,16.84,12.74,3.104
107,2019,178,813,30,28.29,51.34,498.4,16.85,12.75,3.104
107,2019,178,813,40,28.32,51.1,490.7,16.84,12.71,3.104
107,2019,178,813,50,28.33,51.01,496.1,16.9,12.74,3.104
107,2019,178,814,0,28.38,50.79,488.5,16.87,12.72,3.104
107,2019,178,814,10,28.37,50.5,486.4,16.77,12.74,3.104
107,2019,178,814,20,28.38,50.71,577.2,16.87,12.72,3.104
107,2019,178,814,30,28.38,51.01,490.4,16.91,12.74,3.104
107,2019,178,814,40,28.38,51.33,499.1,17.03,12.73,3.104
107,2019,178,814,50,28.38,51.13,486.9,16.95,12.75,3.104
107,2019,178,815,0,28.38,50.57,486.7,16.8,12.72,3.104
107,2019,178,815,10,28.39,50.23,485.9,16.71,12.75,3.104
107,2019,178,815,20,28.43,50.94,487.7,16.97,12.72,3.104
107,2019,178,815,30,28.45,51.74,487.3,17.25,12.75,3.104
107,2019,178,815,40,28.45,51.83,488.7,17.27,12.75,3.104
107,2019,178,815,50,28.47,51.13,489.6,17.04,12.74,3.104
107,2019,178,816,0,28.51,50.9,494.4,16.95,12.76,3.104
107,2019,178,816,10,28.52,50.7,489.4,16.9,12.74,3.104
107,2019,178,816,20,28.52,50.73,489.9,16.93,12.75,3.104
107,2019,178,816,30,28.52,52.63,490.8,17.41,12.74,3.104
107,2019,178,816,40,28.47,56.3,488.6,18.37,12.76,3.104
107,2019,178,816,50,28.38,57.2,492.6,18.48,12.74,3.104
107,2019,178,817,.125,28.32,57.11,496.6,18.3,12.76,3.104
107,2019,178,817,10,28.28,59.54,496.6,18.89,12.74,3.104
107,2019,178,817,20,28.23,58.14,502.6,18.48,12.76,3.104
107,2019,178,817,30,28.18,56.12,500.5,17.99,12.74,3.104
107,2019,178,817,40.13,28.18,57.78,508.8,18.45,12.74,3.104
107,2019,178,817,50,28.18,60.94,529.4,19.25,12.76,3.104
107,2019,178,818,0,28.15,61.54,501.8,19.16,12.74,3.104
107,2019,178,818,10,28.08,59.05,495.7,18.52,12.76,3.104
107,2019,178,818,20,28.05,60.03,503.1,18.76,12.74,3.104
107,2019,178,818,30,28.05,62.5,507.7,19.26,12.76,3.104
107,2019,178,818,40,28.03,62.34,505.1,19.28,12.74,3.104
107,2019,178,818,50,27.98,58.26,488.4,18.06,12.76,3.104
107,2019,178,819,0,27.99,56.5,488.1,17.68,12.74,3.104
107,2019,178,819,10,28.05,55.4,487.2,17.57,12.76,3.104
107,2019,178,819,20,28.09,54.77,487.3,17.57,12.74,3.104
107,2019,178,819,30,28.14,54.63,488.3,17.59,12.77,3.104
107,2019,178,819,40,28.18,54.15,489.4,17.43,12.74,3.104
107,2019,178,819,50,28.22,53.95,488.7,17.44,12.73,3.104
107,2019,178,820,0,28.25,53.85,489.2,17.43,12.76,3.104
107,2019,178,820,10,28.28,53.55,488.6,17.4,12.74,3.104
107,2019,178,820,20.13,28.32,52.9,489.4,17.3,12.76,3.104
107,2019,178,820,30,28.32,55,489.6,17.92,12.74,3.104
107,2019,178,820,40,28.38,54.97,494.4,18.02,12.76,3.104
107,2019,178,820,50,28.38,53.24,499.2,17.55,12.74,3.104
107,2019,178,821,0,28.4,51.48,489.8,17.11,12.76,3.104
107,2019,178,821,10,28.46,51.17,491.8,17.1,12.74,3.104
107,2019,178,821,20,28.52,50.71,497.6,17.04,12.76,3.104
107,2019,178,821,30,28.56,50.74,497,17.06,12.74,3.104
107,2019,178,821,40.13,28.61,50.32,567.2,17.01,12.76,3.104
107,2019,178,821,50,28.68,49.49,519.5,16.91,12.74,3.104
107,2019,178,822,0,28.72,49.1,492.6,16.83,12.74,3.104
107,2019,178,822,10,28.72,49.11,487.8,16.84,12.76,3.104
107,2019,178,822,20,28.73,48.95,512.6,16.8,12.74,3.104
107,2019,178,822,30,28.78,49.2,538.7,16.9,12.76,3.104
107,2019,178,822,40,28.79,49.47,506.1,16.98,12.74,3.104
107,2019,178,822,50,28.79,49.19,503.9,16.83,12.76,3.104
107,2019,178,823,.125,28.79,48.58,557.4,16.74,12.74,3.104
107,2019,178,823,10,28.79,47.77,496.7,16.53,12.76,3.104
107,2019,178,823,20,28.79,47.6,494.3,16.43,12.74,3.104
107,2019,178,823,30,28.79,47.67,498.5,16.44,12.76,3.104
107,2019,178,823,40,28.78,47.77,482,16.43,12.74,3.104
107,2019,178,823,50,28.72,48.12,484.9,16.46,12.76,3.104
107,2019,178,824,0,28.72,48.39,489.4,16.51,12.74,3.104
107,2019,178,824,10,28.73,48.63,489.3,16.56,12.73,3.104
107,2019,178,824,20,28.76,48.22,479,16.48,12.76,3.104
107,2019,178,824,30,28.74,48.48,495.6,16.55,12.74,3.104
107,2019,178,824,40,28.79,48.22,499.2,16.5,12.75,3.104
107,2019,178,824,50,28.79,47.92,500.9,16.44,12.74,3.104
107,2019,178,825,0,28.79,47.83,492.9,16.44,12.76,3.104
107,2019,178,825,10,28.79,48,489.3,16.46,12.74,3.104
107,2019,178,825,20,28.79,48.73,482.9,16.6,12.75,3.104
107,2019,178,825,30,28.79,48.18,477.2,16.37,12.74,3.104
107,2019,178,825,40.13,28.82,48.08,501.8,16.45,12.74,3.104
107,2019,178,825,50,28.85,47.77,493.4,16.42,12.74,3.104
107,2019,178,826,0,28.85,47.76,480.5,16.43,12.76,3.104
107,2019,178,826,10,28.83,47.25,476.5,16.24,12.76,3.104
107,2019,178,826,20.13,28.79,47.4,473.1,16.22,12.74,3.104
107,2019,178,826,30,28.77,47.51,472.1,16.2,12.76,3.104
107,2019,178,826,40,28.76,48.07,473.4,16.32,12.74,3.104
107,2019,178,826,50,28.79,48.46,473.5,16.48,12.76,3.104
107,2019,178,827,0,28.79,48.9,474.6,16.57,12.74,3.104
107,2019,178,827,10,28.74,49.28,471.4,16.65,12.76,3.104
107,2019,178,827,20,28.72,50,473.9,16.8,12.74,3.104
107,2019,178,827,30,28.72,50.12,474.8,16.79,12.76,3.104
107,2019,178,827,40,28.72,49.22,474.9,16.54,12.74,3.104
107,2019,178,827,50,28.72,49.49,481.9,16.7,12.75,3.104
107,2019,178,828,0,28.72,49.05,477.9,16.55,12.74,3.104
107,2019,178,828,10,28.72,49.03,480.7,16.55,12.76,3.104
107,2019,178,828,20,28.72,48.86,476.7,16.49,12.76,3.104
107,2019,178,828,30,28.72,49.28,475.7,16.62,12.74,3.104
107,2019,178,828,40,28.72,49.94,479.5,16.92,12.76,3.104
107,2019,178,828,50,28.75,50.26,476.3,16.96,12.74,3.104
107,2019,178,829,0,28.79,50.32,475.7,17.03,12.76,3.104
107,2019,178,829,10,28.8,50.27,489.4,16.99,12.74,3.104
107,2019,178,829,20,28.85,49.84,473.2,16.76,12.75,3.104
107,2019,178,829,30,28.85,49.26,484.9,16.67,12.73,3.104
107,2019,178,829,40,28.88,48.94,474.5,16.69,12.75,3.104
107,2019,178,829,50,28.92,48.63,474.7,16.63,12.73,3.104
107,2019,178,830,0,28.96,48.75,474.6,16.72,12.75,3.104
107,2019,178,830,10,28.99,48.71,479.9,16.82,12.73,3.104
107,2019,178,830,20,28.99,48.48,490.3,16.72,12.73,3.104
107,2019,178,830,30,28.99,48.22,483.6,16.63,12.76,3.104
107,2019,178,830,40,28.99,48.65,491,16.74,12.73,3.104
107,2019,178,830,50,28.99,48.43,478,16.7,12.75,3.104
107,2019,178,831,0,28.99,48.34,476.2,16.66,12.73,3.104
107,2019,178,831,10,28.94,48.82,477.6,16.75,12.76,3.104
107,2019,178,831,20,28.92,49.3,481.6,16.84,12.73,3.104
107,2019,178,831,30,28.92,49.51,480.6,16.94,12.76,3.104
107,2019,178,831,40.13,28.92,49.45,480.7,16.92,12.73,3.104
107,2019,178,831,50,28.92,48.96,480.7,16.73,12.76,3.104
107,2019,178,832,0,28.87,48.8,480.1,16.69,12.73,3.104
107,2019,178,832,10,28.85,48.57,478.3,16.58,12.76,3.104
107,2019,178,832,20.13,28.85,48.67,480.3,16.62,12.73,3.104
107,2019,178,832,30,28.9,48.64,478.8,16.62,12.76,3.104
107,2019,178,832,40,28.92,48.62,522,16.63,12.76,3.104
107,2019,178,832,50,28.92,48.81,477.2,16.73,12.73,3.104
107,2019,178,833,0,28.96,48.92,500.8,16.74,12.75,3.104
107,2019,178,833,10,28.99,48.38,481.2,16.57,12.74,3.104
107,2019,178,833,20,28.98,48.38,479.1,16.63,12.74,3.104
107,2019,178,833,30,28.98,49.68,478.4,17.03,12.74,3.104
107,2019,178,833,40,28.95,50.49,477.6,17.14,12.75,3.104
107,2019,178,833,50,28.92,50.48,478.3,17.21,12.74,3.104
107,2019,178,834,0,28.92,50.47,478.6,17.2,12.76,3.104
107,2019,178,834,10,28.92,50.02,477.4,17.05,12.74,3.104
107,2019,178,834,20,28.93,50.35,479.4,17.18,12.74,3.104
107,2019,178,834,30,28.98,50.69,479.4,17.32,12.73,3.104
107,2019,178,834,40,28.99,49.99,480.5,17.13,12.73,3.104
107,2019,178,834,50,28.99,49.85,481.1,17.12,12.75,3.104
107,2019,178,835,.125,28.99,49.85,478.6,17.11,12.73,3.104
107,2019,178,835,10,29.03,49.85,478.7,17.11,12.76,3.104
107,2019,178,835,20,29.05,49.8,478.9,17.11,12.73,3.104
107,2019,178,835,30,29.05,49.85,478.7,17.15,12.76,3.104
107,2019,178,835,40,29.05,49.84,478.8,17.15,12.74,3.104
107,2019,178,835,50,29.05,49.68,478.2,17.1,12.75,3.104
107,2019,178,836,0,29.1,49.46,477.8,17.04,12.74,3.104
107,2019,178,836,10,29.12,49.26,477.2,16.98,12.76,3.104
107,2019,178,836,20.13,29.12,49.33,499.7,17.12,12.73,3.104
107,2019,178,836,30,29.12,49.53,479.2,17.2,12.76,3.104
107,2019,178,836,40,29.13,49.55,480.8,17.22,12.74,3.104
107,2019,178,836,50,29.14,48.35,475.3,16.84,12.73,3.104
107,2019,178,837,0,29.12,48.79,479.5,16.97,12.74,3.104
107,2019,178,837,10,29.12,49.12,477.6,17.1,12.72,3.104
107,2019,178,837,20,29.12,49.61,482.6,17.21,12.76,3.104
107,2019,178,837,30,29.12,49.95,503.2,17.29,12.74,3.104
107,2019,178,837,40.13,29.12,49.7,478.3,17.19,12.75,3.104
107,2019,178,837,50,29.12,50.26,488.7,17.38,12.74,3.104
107,2019,178,838,0,29.12,50.77,486.9,17.49,12.74,3.104
107,2019,178,838,10,29.12,50.94,492.3,17.53,12.74,3.104
107,2019,178,838,20,29.05,51.46,475.6,17.61,12.74,3.104
107,2019,178,838,30,29.05,51.74,476.4,17.68,12.74,3.104
107,2019,178,838,40,29.05,52.15,493.4,17.8,12.74,3.104
107,2019,178,838,50,29.05,51.93,489.5,17.66,12.74,3.104
107,2019,178,839,0,29.05,54.45,491.3,18.42,12.73,3.104
107,2019,178,839,10,29,54,500.3,18.2,12.74,3.104
107,2019,178,839,20,28.97,52.84,493.4,17.8,12.73,3.104
107,2019,178,839,30,28.92,52.33,507.8,17.72,12.76,3.104
107,2019,178,839,40,28.9,50.93,483,17.25,12.73,3.104
107,2019,178,839,50,28.92,50.85,483.6,17.18,12.75,3.104
107,2019,178,840,0,28.92,50.99,493.2,17.31,12.74,3.104
107,2019,178,840,10,28.92,51.51,541.6,17.57,12.76,3.104
107,2019,178,840,20.13,28.97,51.7,626.3,17.61,12.74,3.104
107,2019,178,840,30,28.94,51.12,486.9,17.35,12.75,3.104
107,2019,178,840,40,28.92,50.99,487.4,17.29,12.74,3.104
107,2019,178,840,50,28.92,51.13,506.5,17.35,12.75,3.104
107,2019,178,841,.125,28.92,51.34,498.8,17.42,12.74,3.104
107,2019,178,841,10,28.89,52.05,507.2,17.57,12.72,3.104
107,2019,178,841,20,28.83,52.94,517.5,17.73,12.75,3.104
107,2019,178,841,30,28.76,56.69,494.2,18.48,12.73,3.104
107,2019,178,841,40,28.66,58.07,485.5,18.76,12.75,3.104
107,2019,178,841,50,28.54,56.86,477.3,18.23,12.72,3.104
107,2019,178,842,0,28.58,59.01,481.2,18.87,12.75,3.104
107,2019,178,842,10,28.54,58.8,485.7,18.81,12.73,3.104
107,2019,178,842,20,28.47,61.01,512.4,19.22,12.75,3.104
107,2019,178,842,30,28.33,60.29,513.5,18.86,12.72,3.104
107,2019,178,842,40,28.18,59.93,503.3,18.66,12.74,3.104
107,2019,178,842,50,28.12,58.68,497.3,18.29,12.72,3.104
107,2019,178,843,0,28.11,57.1,477.8,17.92,12.74,3.104
107,2019,178,843,10,28.12,55.97,479.9,17.74,12.74,3.104
107,2019,178,843,20,28.12,55.52,487.8,17.67,12.72,3.104
107,2019,178,843,30,28.17,54.23,486.3,17.36,12.74,3.104
107,2019,178,843,40,28.21,53.86,485.8,17.27,12.73,3.104
107,2019,178,843,50,28.25,53.32,480.3,17.08,12.74,3.104
107,2019,178,844,0,28.3,52.95,481.3,17.03,12.72,3.104
107,2019,178,844,10,28.32,52.78,483.8,17.04,12.75,3.104
107,2019,178,844,20,28.38,52.81,483.7,17.14,12.72,3.104
107,2019,178,844,30,28.38,52.8,480.4,17.19,12.75,3.104
107,2019,178,844,40,28.42,52.79,479,17.07,12.72,3.104
107,2019,178,844,50,28.45,52.39,483.1,17.08,12.74,3.104
107,2019,178,845,0,28.45,53.03,486.7,17.33,12.73,3.104
107,2019,178,845,10,28.45,52.49,479.9,17.3,12.75,3.104
107,2019,178,845,20,28.45,51.33,478.4,16.95,12.74,3.104
107,2019,178,845,30,28.45,52.15,490.6,17.2,12.72,3.104
107,2019,178,845,40,28.45,53.24,485.6,17.4,12.74,3.104
107,2019,178,845,50,28.48,52.75,472.1,17.18,12.72,3.104
107,2019,178,846,0,28.52,51.28,474.1,16.93,12.74,3.104
107,2019,178,846,10,28.55,52.6,475.8,17.4,12.72,3.104
107,2019,178,846,20.13,28.57,52.03,478.3,17.33,12.74,3.104
107,2019,178,846,30,28.49,51.29,477.3,17.04,12.72,3.104
107,2019,178,846,40,28.45,52.11,483.7,17.17,12.74,3.104
107,2019,178,846,50,28.45,51.24,480,16.94,12.72,3.104
107,2019,178,847,.125,28.47,50.96,506.4,16.9,12.74,3.104
107,2019,178,847,10,28.51,51.27,476.2,17.1,12.72,3.104
107,2019,178,847,20,28.52,51.86,546,17.36,12.74,3.104
107,2019,178,847,30,28.52,51.73,491.9,17.13,12.74,3.104
107,2019,178,847,40,28.52,51.88,476.4,17.24,12.72,3.104
107,2019,178,847,50,28.58,50.76,473,16.97,12.74,3.104
107,2019,178,848,0,28.58,50.13,473.3,16.83,12.71,3.104
107,2019,178,848,10,28.6,50.4,475.9,16.96,12.74,3.104
107,2019,178,848,20,28.65,49.99,476,16.89,12.72,3.104
107,2019,178,848,30,28.7,49.95,480.1,16.92,12.74,3.104
107,2019,178,848,40,28.78,51.21,513.8,17.41,12.72,3.104
107,2019,178,848,50,28.83,49.4,471.8,16.94,12.74,3.104
107,2019,178,849,0,28.85,48.89,470.6,16.91,12.72,3.104
107,2019,178,849,10,28.85,49.1,470.7,16.96,12.74,3.104
107,2019,178,849,20,28.85,48.15,467.8,16.73,12.72,3.104
107,2019,178,849,30,28.85,47.56,473.1,16.51,12.7,3.104
107,2019,178,849,40.13,28.85,47.6,470.9,16.48,12.73,3.104
107,2019,178,849,50,28.87,47.84,483,16.58,12.72,3.104
107,2019,178,850,0,28.92,48.02,469.4,16.54,12.72,3.104
107,2019,178,850,10,28.95,48.07,471.6,16.55,12.72,3.104
107,2019,178,850,20,28.99,48,470.6,16.54,12.73,3.104
107,2019,178,850,30,28.99,47.79,480.1,16.56,12.72,3.104
107,2019,178,850,40,28.99,48.53,473.9,16.84,12.74,3.104
107,2019,178,850,50,28.99,47.61,468.7,16.55,12.72,3.104
107,2019,178,851,.125,29.05,46.68,470.6,16.46,12.74,3.104
107,2019,178,851,10,29.09,45.83,472.8,16.22,12.72,3.104
107,2019,178,851,20,29.12,45.77,472.5,16.24,12.73,3.104
107,2019,178,851,30,29.15,45.29,470.7,16.11,12.72,3.104
107,2019,178,851,40,29.14,45.76,483.4,16.21,12.71,3.104
107,2019,178,851,50,29.12,47.08,543.7,16.54,12.73,3.104
107,2019,178,852,0,29.18,47.32,538.1,16.66,12.71,3.104
107,2019,178,852,10,29.23,46.86,513.4,16.61,12.74,3.104
107,2019,178,852,20.13,29.37,45.44,486.8,16.46,12.71,3.104
107,2019,178,852,30,29.51,44.77,480.6,16.3,12.74,3.104
107,2019,178,852,40,29.63,46.08,482.9,16.93,12.71,3.104
107,2019,178,852,50,29.66,44.4,477,16.46,12.74,3.104
107,2019,178,853,0,29.66,43.63,480.5,16.15,12.72,3.104
107,2019,178,853,10,29.66,43.66,478.4,16.15,12.74,3.104
107,2019,178,853,20,29.66,43.67,470.6,16.09,12.71,3.104
107,2019,178,853,30,29.66,44.01,471.5,16.16,12.74,3.104
107,2019,178,853,40,29.7,44.68,473.5,16.42,12.73,3.104
107,2019,178,853,50,29.72,43.75,470.8,16.19,12.72,3.104
107,2019,178,854,0,29.72,43.91,508,16.2,12.74,3.104
107,2019,178,854,10,29.72,44.27,504.9,16.28,12.72,3.104
107,2019,178,854,20,29.78,44.36,470.2,16.23,12.73,3.104
107,2019,178,854,30,29.79,44.48,489.1,16.32,12.71,3.104
107,2019,178,854,40,29.82,44.4,490.2,16.32,12.73,3.104
107,2019,178,854,50,29.86,43.67,473.5,16.16,12.72,3.104
107,2019,178,855,.125,29.86,43.5,471.5,16.14,12.73,3.104
107,2019,178,855,10,29.86,43.91,500.5,16.26,12.72,3.104
107,2019,178,855,20,29.88,44.5,512.1,16.48,12.74,3.104
107,2019,178,855,30,29.92,44.55,503.9,16.57,12.72,3.104
107,2019,178,855,40.13,29.94,44,481.7,16.39,12.74,3.104
107,2019,178,855,50,29.99,43.97,526.2,16.37,12.72,3.104
107,2019,178,856,0,30.02,43.85,479.7,16.34,12.72,3.104
107,2019,178,856,10,30.06,44.68,502.7,16.67,12.73,3.104
107,2019,178,856,20,30.1,46.15,560.1,17.21,12.72,3.104
107,2019,178,856,30,30.16,45.88,559.6,17.18,12.74,3.104
107,2019,178,856,40,30.22,45.13,517.9,17.08,12.72,3.104
107,2019,178,856,50,30.26,44.5,510,16.9,12.74,3.104
107,2019,178,857,0,30.26,44.72,563.6,16.97,12.72,3.104
107,2019,178,857,10,30.26,45.76,564.1,17.28,12.74,3.104
107,2019,178,857,20,30.25,46.33,536.2,17.35,12.72,3.104
107,2019,178,857,30,30.19,47,526.9,17.5,12.74,3.104
107,2019,178,857,40,30.13,46.38,493.1,17.2,12.72,3.104
107,2019,178,857,50,30.07,46.39,502.5,17.14,12.74,3.104
107,2019,178,858,0,30.06,45.98,485.3,17,12.73,3.104
107,2019,178,858,10,30.06,45.88,481.8,16.98,12.72,3.104
107,2019,178,858,20,30.06,45.76,502.8,16.95,12.74,3.104
107,2019,178,858,30,30.06,45.01,490.9,16.72,12.72,3.104
107,2019,178,858,40,30.06,44.35,472.8,16.52,12.74,3.104
107,2019,178,858,50,30.07,44.58,476.4,16.61,12.72,3.104
107,2019,178,859,0,30.12,44.9,472.5,16.69,12.74,3.104
107,2019,178,859,10,30.06,44.33,470,16.5,12.72,3.104
107,2019,178,859,20,30.06,44.05,472.8,16.38,12.74,3.104
107,2019,178,859,30,30.11,44.33,474.7,16.51,12.72,3.104
107,2019,178,859,40,30.12,44.58,487.2,16.61,12.74,3.104
107,2019,178,859,50,30.18,44.46,482.3,16.64,12.72,3.104
107,2019,178,900,0,30.21,43.91,472,16.52,12.74,3.104
107,2019,178,900,10,30.25,43.28,468.9,16.33,12.73,3.104
107,2019,178,900,20,30.23,42.91,469.5,16.18,12.71,3.104
107,2019,178,900,30,30.25,42.81,466.6,16.15,12.73,3.104
107,2019,178,900,40,30.25,42.82,481.1,16.16,12.72,3.104
107,2019,178,900,50,30.26,43.25,483.6,16.36,12.74,3.104
107,2019,178,901,.125,30.26,42.99,470.9,16.31,12.72,3.104
107,2019,178,901,10,30.26,43.21,468.4,16.4,12.74,3.104
107,2019,178,901,20,30.27,44.02,467.4,16.7,12.72,3.104
107,2019,178,901,30,30.32,45.04,467.7,17.05,12.74,3.104
107,2019,178,901,40.13,30.32,46.28,464,17.42,12.72,3.104
107,2019,178,901,50,30.32,47.14,463.2,17.66,12.74,3.104
107,2019,178,902,0,30.32,47.39,463.7,17.73,12.72,3.104
107,2019,178,902,10,30.32,46.4,464.7,17.29,12.74,3.104
107,2019,178,902,20,30.31,45.37,464.6,17.03,12.73,3.104
107,2019,178,902,30,30.26,45.18,463.8,16.97,12.72,3.104
107,2019,178,902,40,30.25,45.78,464.5,17.1,12.74,3.104
107,2019,178,902,50,30.2,44.87,464.3,16.71,12.73,3.104
107,2019,178,903,0,30.19,45.6,463.4,17.03,12.74,3.104
107,2019,178,903,10,30.19,45.47,463.4,16.94,12.72,3.104
107,2019,178,903,20,30.19,46.15,461.9,17.14,12.74,3.104
107,2019,178,903,30,30.19,48.14,460.5,17.8,12.72,3.104
107,2019,178,903,40,30.19,47.71,461.8,17.61,12.74,3.104
107,2019,178,903,50,30.19,48.5,457.4,17.86,12.72,3.104
107,2019,178,904,0,30.19,48.92,457.7,18.01,12.74,3.104
107,2019,178,904,10,30.19,45.13,461.3,16.72,12.73,3.104
107,2019,178,904,20.13,30.18,43.69,464.9,16.31,12.72,3.104
107,2019,178,904,30,30.19,43.04,464.1,16.11,12.74,3.104
107,2019,178,904,40,30.23,42.87,462.1,16.07,12.72,3.104
107,2019,178,904,50,30.26,42.67,462.7,16.04,12.74,3.104
107,2019,178,905,0,30.26,42.82,469.4,16.1,12.72,3.104
107,2019,178,905,10,30.32,43.03,481.7,16.21,12.74,3.104
107,2019,178,905,20,30.32,43.23,483.8,16.23,12.7,3.104
107,2019,178,905,30,30.32,43.5,580,16.5,12.73,3.104
107,2019,178,905,40.13,30.32,44.09,489.2,16.57,12.71,3.104
107,2019,178,905,50,30.32,43.96,478.3,16.23,12.72,3.104
107,2019,178,906,0,30.32,43.83,481.1,16.23,12.71,3.104
107,2019,178,906,10,30.32,43.83,481,16.2,12.72,3.104
107,2019,178,906,20,30.32,43.83,484.4,16.26,12.71,3.104
107,2019,178,906,30,30.32,44.22,495,16.81,12.7,3.104
107,2019,178,906,40,30.32,44.55,589,16.95,12.72,3.104
107,2019,178,906,50,30.32,44.78,553.2,16.91,12.71,3.104
107,2019,178,907,.125,30.32,44.92,489.3,16.63,12.72,3.104
107,2019,178,907,10,30.32,44.66,482.8,16.36,12.72,3.104
107,2019,178,907,20,30.28,44.45,484.6,16.42,12.72,3.104
107,2019,178,907,30,30.26,44.41,483.7,16.35,12.7,3.104
107,2019,178,907,40,30.26,44.33,483.2,16.33,12.72,3.104
107,2019,178,907,50,30.26,44.33,491.1,16.49,12.71,3.104
107,2019,178,908,0,30.26,44.43,494.2,16.49,12.7,3.104