107,2019,177,856,0,-82.5,-47.72,619.2,16.07,11.92,3.099
107,2019,177,856,10,-82.8,-48.17,615.2,16.05,11.9,3.099
107,2019,177,856,20,-83,-48.36,596.6,16.01,11.93,3.099
107,2019,177,856,30,-83,-48.4,589.5,16.01,11.9,3.099
107,2019,177,856,40.13,-83,-48.43,585.5,16.03,11.93,3.099
107,2019,177,856,50,-83,-48.42,585.1,16.04,11.9,3.099
107,2019,177,857,0,-83,-48.42,592.1,16.03,11.92,3.099
107,2019,177,857,10,-83,-48.42,592.8,16.02,11.9,3.099
107,2019,177,857,20.13,-83,-48.41,585.6,16.03,11.92,3.099
107,2019,177,857,30,-83,-48.42,579.3,16.03,11.91,3.099
107,2019,177,857,40,-83,-48.41,576.5,16.03,11.92,3.099
107,2019,177,857,50,-83,-48.41,581.7,16.04,11.91,3.099
107,2019,177,858,0,-83,-48.41,580.7,16.03,11.9,3.099
107,2019,177,858,10,-83,-48.45,573.3,16.03,11.91,3.099
107,2019,177,858,20,-83,-48.42,572.6,16.05,11.9,3.099
107,2019,177,912,0,-43.98,-9.01,767,-6999,11.54,3.099
107,2019,177,912,10,-70.7,-39.21,548.3,16.2,11.54,3.099
107,2019,177,912,20,-86.3,-54.46,492.8,17.03,11.51,3.099
107,2019,177,912,30,-80.6,-47.57,500.5,17.11,11.55,3.099
107,2019,177,912,40,-107.7,-71.3,504.3,17.12,11.5,3.099
107,2019,177,912,50.13,-100.9,-62.71,506.8,17.16,11.53,3.099
107,2019,177,913,0,-88.2,-52.1,520.7,17.13,11.46,3.099
107,2019,177,913,10,-84.1,-49.02,522.4,17.24,11.5,3.099
107,2019,177,913,20,-81.1,-46.5,502.2,17.15,11.46,3.099
107,2019,177,913,30.13,-59.77,-26.76,497.9,17.14,11.58,3.099
107,2019,177,913,40,27.41,52.85,481.7,17.19,11.63,3.099
107,2019,177,913,50,27.41,52.71,486.6,17.19,11.58,3.099
107,2019,177,914,0,27.41,52.67,481.7,17.17,11.62,3.099
107,2019,177,914,10,27.45,52.73,483.3,17.16,11.58,3.099
107,2019,177,914,20,27.48,54.17,483.3,17.18,11.61,3.099
107,2019,177,914,30,27.7,54.22,478.9,17.22,11.58,3.099
107,2019,177,914,40,28.28,50.74,472.8,17.29,11.61,3.099
107,2019,177,914,50,28.57,49.51,474.6,17.37,11.58,3.099
107,2019,177,915,0,28.57,49.25,477.6,17.41,11.62,3.099
107,2019,177,915,10,28.47,53.1,468.4,17.38,11.62,3.099
107,2019,177,915,20,28.39,53.86,473.4,17.3,11.71,3.099
107,2019,177,915,30,28.32,51.4,445.5,17.7,11.72,3.099
107,2019,177,915,40,28.28,50.89,452.8,17.86,11.8,3.099
107,2019,177,915,50,28.23,50.97,444.3,17.89,11.82,3.099
107,2019,177,916,0,28.21,51.01,497.2,17.86,11.81,3.099
107,2019,177,916,10.13,28.21,51.12,471.1,17.9,11.84,3.099
107,2019,177,916,20,28.2,51.25,455.3,17.84,11.83,3.099
107,2019,177,916,30,28.14,51.33,470.3,17.69,11.84,3.099
107,2019,177,916,40,28.14,51.1,459.1,17.55,11.81,3.099
107,2019,177,916,50,28.14,51.11,461.6,17.49,11.83,3.099
107,2019,177,917,0,28.09,51.25,460.1,17.46,11.8,3.099
107,2019,177,917,10,28.08,51.39,464,17.47,11.83,3.099
107,2019,177,917,20,28.08,51.55,461.9,17.51,11.8,3.099
107,2019,177,917,30.13,28.08,51.74,448.3,17.53,11.82,3.099
107,2019,177,917,40,28.06,51.89,445.5,17.56,11.79,3.099
107,2019,177,917,50,28.07,51.92,446.1,17.59,11.83,3.099
107,2019,177,918,0,28.08,51.55,446.5,17.57,11.82,3.099
107,2019,177,918,10,28.15,51.73,446.7,17.64,11.79,3.099
107,2019,177,918,20,28.23,51.62,451.3,17.72,11.82,3.099
107,2019,177,918,30,28.31,51.06,446.3,17.75,11.79,3.099
107,2019,177,918,40,28.38,52.09,454.8,17.87,11.83,3.099
107,2019,177,918,50.13,28.47,51.93,452.3,18.02,11.79,3.099
107,2019,177,919,0,28.51,53.52,452.7,18.26,11.82,3.099
107,2019,177,919,10,28.61,51.72,444.7,18.36,11.79,3.099
107,2019,177,919,20,28.61,49.09,448.3,17.74,11.82,3.099
107,2019,177,919,30,28.61,48.99,462.7,17.62,11.79,3.099
107,2019,177,919,40,28.67,49.66,472.3,17.69,11.82,3.099
107,2019,177,919,50,28.75,49.12,461.3,17.78,11.79,3.099
107,2019,177,920,0,28.81,48.44,465.7,17.67,11.79,3.099
107,2019,177,920,10,28.87,48.4,470.4,17.62,11.79,3.099
107,2019,177,920,20,28.88,48.55,463.7,17.64,11.75,3.099
107,2019,177,920,30,28.88,48.35,462,17.62,11.78,3.099
107,2019,177,920,40,28.88,47.9,475.7,17.55,11.75,3.099
107,2019,177,920,50,28.88,47.86,463.1,17.5,11.78,3.099
107,2019,177,921,0,28.85,48.06,455.8,17.47,11.75,3.099
107,2019,177,921,10,28.83,48.29,480.2,17.5,11.78,3.099
107,2019,177,921,20,28.88,48.23,469.6,17.51,11.75,3.099
107,2019,177,921,30.13,28.88,47.84,456.4,17.44,11.78,3.099
107,2019,177,921,40,28.94,48.19,455,17.54,11.75,3.099
107,2019,177,921,50,29.01,48.05,452.1,17.56,11.79,3.099
107,2019,177,922,0,29.01,47.69,451.2,17.49,11.75,3.099
107,2019,177,922,10.13,29.01,47.68,450.9,17.48,11.74,3.099
107,2019,177,922,20,29.01,47.5,455.3,17.44,11.78,3.099
107,2019,177,922,30,29.01,46.93,450.3,17.33,11.74,3.099
107,2019,177,922,40,29.01,46.91,460.7,17.27,11.79,3.099
107,2019,177,922,50,29.01,47.07,453,17.29,11.75,3.099
107,2019,177,923,0,29.01,47.24,454.9,17.27,11.79,3.099
107,2019,177,923,10,29.01,47.95,453.4,17.39,11.75,3.099
107,2019,177,923,20,29.01,47.93,452.6,17.45,11.79,3.099
107,2019,177,923,30,29.04,47.18,451.5,17.32,11.74,3.099
107,2019,177,923,40,29.07,47.08,454.4,17.27,11.78,3.099
107,2019,177,923,50,29.05,46.97,469.5,17.24,11.74,3.099
107,2019,177,924,0,29.06,46.74,517.2,17.16,11.78,3.099
107,2019,177,924,10,29.08,47.03,526.9,17.23,11.77,3.099
107,2019,177,924,20,29.13,47.04,480.8,17.26,11.73,3.099
107,2019,177,924,30,29.14,46.78,462.7,17.22,11.77,3.099
107,2019,177,924,40,29.14,46.75,463.3,17.2,11.75,3.099
107,2019,177,924,50,29.14,46.92,471.1,17.22,11.79,3.099
107,2019,177,925,0,29.15,46.98,481.5,17.26,11.75,3.099
107,2019,177,925,10,29.21,46.73,470.9,17.25,11.77,3.099
107,2019,177,925,20,29.21,46.46,461.2,17.21,11.75,3.099
107,2019,177,925,30,29.19,46.72,450.9,17.19,11.77,3.099
107,2019,177,925,40,29.14,47,457.2,17.21,11.75,3.099
107,2019,177,925,50,29.11,47.12,466.6,17.18,11.74,3.099
107,2019,177,926,0,29.08,47.23,447.5,17.19,11.68,3.099
107,2019,177,926,10,29.08,47.41,453,17.19,11.71,3.099
107,2019,177,926,20,29.01,47.5,456.9,17.17,11.67,3.099
107,2019,177,926,30,28.97,47.57,449,17.13,11.66,3.099
107,2019,177,926,40,28.96,47.58,446.7,17.1,11.73,3.099
107,2019,177,926,50,29.02,47.65,464.3,17.16,11.68,3.099
107,2019,177,927,0,29.09,47.25,476,17.15,11.79,3.099
107,2019,177,927,10,29.16,46.94,479.8,17.16,11.76,3.099
107,2019,177,927,20,29.21,46.7,467.6,17.16,11.81,3.099
107,2019,177,927,30.13,29.27,46.57,455.3,17.15,11.79,3.099
107,2019,177,927,40,29.31,46.56,456.9,17.18,11.81,3.099
107,2019,177,927,50,29.36,46.34,449.9,17.19,11.79,3.099
107,2019,177,928,0,29.41,46.15,450.3,17.17,11.79,3.099
107,2019,177,928,10.13,29.42,46.25,453.8,17.21,11.79,3.099
107,2019,177,928,20,29.43,46.09,447.5,17.18,11.81,3.099
107,2019,177,928,30,29.48,46.15,451.1,17.18,11.79,3.099
107,2019,177,928,40,29.48,46.09,453.8,17.19,11.78,3.099
107,2019,177,928,50,29.48,45.98,447.2,17.17,11.72,3.099
107,2019,177,929,0,29.48,46.04,458.7,17.18,11.69,3.099
107,2019,177,929,10,29.5,46.06,458.5,17.2,11.74,3.099
107,2019,177,929,20,29.55,46.03,450.9,17.22,11.71,3.099
107,2019,177,929,30,29.55,46.02,448.9,17.22,11.75,3.099
107,2019,177,929,40,29.55,45.91,458.8,17.21,11.72,3.099
107,2019,177,929,50,29.55,45.81,449.5,17.18,11.76,3.099
107,2019,177,930,0,29.55,45.94,470.5,17.19,11.62,3.099
107,2019,177,930,10,29.57,46.12,492.9,17.24,11.7,3.099
107,2019,177,930,20,29.62,45.98,501.9,17.26,11.64,3.099
107,2019,177,930,30,29.7,45.63,532.2,17.27,11.69,3.099
107,2019,177,930,40,29.76,44.79,489.5,17.18,11.69,3.099
107,2019,177,930,50.13,29.75,44.2,476,16.94,11.64,3.099
107,2019,177,931,0,29.75,45.03,539.8,17.1,11.7,3.099
107,2019,177,931,10,29.78,45.8,451.6,17.31,11.65,3.099
107,2019,177,931,20,29.81,45.63,454.1,17.35,11.7,3.099
107,2019,177,931,30,29.84,45.28,454.6,17.28,11.64,3.099
107,2019,177,931,40,29.88,45.06,447.9,17.26,11.71,3.099
107,2019,177,931,50,29.88,45.48,451.9,17.31,11.65,3.099
107,2019,177,932,0,29.9,45.71,461.7,17.43,11.71,3.099
107,2019,177,932,10.13,29.95,46.15,464.7,17.54,11.64,3.099
107,2019,177,932,20,30.01,45.83,452.4,17.64,11.7,3.099
107,2019,177,932,30,30.02,45.47,453.6,17.53,11.67,3.099
107,2019,177,932,40,30.01,45.58,460.5,17.5,11.72,3.099
107,2019,177,932,50,29.96,45.94,440.9,17.5,11.71,3.099
107,2019,177,933,0,29.89,46.32,442.8,17.52,11.67,3.099
107,2019,177,933,10,29.82,46.52,444.5,17.5,11.71,3.099
107,2019,177,933,20,29.81,46.73,473,17.51,11.67,3.099
107,2019,177,933,30.13,29.81,46.73,449.7,17.5,11.73,3.099
107,2019,177,933,40,29.82,46.49,442,17.48,11.67,3.099
107,2019,177,933,50,29.82,46.52,444.8,17.49,11.71,3.099
107,2019,177,934,0,29.81,46.47,445,17.47,11.66,3.099
107,2019,177,934,10,29.87,46.3,443.2,17.48,11.71,3.099
107,2019,177,934,20,29.92,46.58,526.5,17.61,11.66,3.099
107,2019,177,934,30,29.99,46.83,479.4,17.77,11.71,3.099
107,2019,177,934,40,30.06,46.67,582.3,17.77,11.67,3.099
107,2019,177,934,50,30.13,45.83,566.4,17.65,11.64,3.099
107,2019,177,935,0,30.21,45.4,525.9,17.63,11.72,3.099
107,2019,177,935,10,30.25,45.12,470.2,17.58,11.66,3.099
107,2019,177,935,20,30.28,44.88,451.2,17.55,11.72,3.099
107,2019,177,935,30,30.28,44.77,444.1,17.52,11.66,3.099
107,2019,177,935,40,30.21,45.11,446.4,17.51,11.71,3.099
107,2019,177,935,50,30.17,45.46,445,17.53,11.67,3.099
107,2019,177,936,0,30.21,45.82,442.9,17.67,11.72,3.099
107,2019,177,936,10.13,30.17,45.43,441.8,17.56,11.65,3.099
107,2019,177,936,20,30.15,45.62,442.6,17.55,11.69,3.099
107,2019,177,936,30,30.15,45.74,482.4,17.55,11.64,3.099
107,2019,177,936,40,30.15,45.99,444.2,17.64,11.71,3.099
107,2019,177,936,50.13,30.18,46.77,445.7,17.85,11.69,3.099
107,2019,177,937,0,30.21,48.19,500.5,18.26,11.62,3.099
107,2019,177,937,10,30.19,51.25,444,18.9,11.69,3.099
107,2019,177,937,20,30.13,50.34,445.4,18.75,11.65,3.099
107,2019,177,937,30,30.08,51.14,451.9,18.84,11.7,3.099
107,2019,177,937,40,30.08,49.05,446.7,18.46,11.66,3.099
107,2019,177,937,50,30.08,48.12,454,18.19,11.65,3.099
107,2019,177,938,0,30.1,46.16,460.6,17.78,11.61,3.099
107,2019,177,938,10,30.15,45.24,453.6,17.56,11.67,3.099
107,2019,177,938,20,30.23,45.59,459.5,17.61,11.62,3.099
107,2019,177,938,30,30.28,46.37,448,17.89,11.68,3.099
107,2019,177,938,40,30.28,46.64,453.9,17.96,11.62,3.099
107,2019,177,938,50,30.29,46.62,458.2,17.99,11.69,3.099
107,2019,177,939,0,30.35,46.29,451.2,17.96,11.62,3.099
107,2019,177,939,10,30.35,46.19,446.3,17.95,11.59,3.099
107,2019,177,939,20,30.42,46.27,466.4,18.01,11.69,3.099
107,2019,177,939,30,30.46,46.04,462.2,18.02,11.62,3.099
107,2019,177,939,40,30.44,45.9,446.2,17.98,11.68,3.099
107,2019,177,939,50,30.37,46.31,447.4,17.97,11.62,3.099
107,2019,177,940,0,30.35,46.65,448.7,18,11.69,3.099
107,2019,177,940,10,30.35,46.73,449.9,18.04,11.62,3.099
107,2019,177,940,20,30.39,47.76,445.2,18.31,11.69,3.099
107,2019,177,940,30,30.42,47.15,445.9,18.25,11.62,3.099
107,2019,177,940,40,30.47,46.95,447.6,18.27,11.67,3.099
107,2019,177,940,50,30.48,46.43,453.1,18.14,11.61,3.099
107,2019,177,941,0,30.48,46.44,452.2,18.14,11.69,3.099
107,2019,177,941,10,30.51,46.67,468.1,18.19,11.63,3.099
107,2019,177,941,20,30.58,46.46,443.9,18.28,11.6,3.099
107,2019,177,941,30,30.62,46.25,443.1,18.22,11.68,3.099
107,2019,177,941,40,30.57,46.17,443.4,18.18,11.62,3.099
107,2019,177,941,50,30.55,46.21,453.3,18.14,11.68,3.099
107,2019,177,942,0,30.51,46.49,442.9,18.16,11.63,3.099
107,2019,177,942,10.13,30.55,46.61,444.2,18.23,11.69,3.099
107,2019,177,942,20,30.55,46.6,443.3,18.23,11.63,3.099
107,2019,177,942,30,30.58,46.42,447.1,18.2,11.69,3.099
107,2019,177,942,40,30.62,46.3,466,18.22,11.64,3.099
107,2019,177,942,50.13,30.62,46.39,446.1,18.23,11.69,3.099
107,2019,177,943,0,30.55,46.73,447.1,18.27,11.63,3.099
107,2019,177,943,10,30.55,46.64,446.5,18.2,11.69,3.099
107,2019,177,943,20,30.55,46.79,448.3,18.28,11.69,3.099
107,2019,177,943,30,30.56,46.14,443.3,18.13,11.61,3.099
107,2019,177,943,40,30.62,46.28,442.3,18.17,11.68,3.099
107,2019,177,943,50,30.62,46.53,446.1,18.26,11.63,3.099
107,2019,177,944,0,30.62,46.59,455,18.29,11.69,3.099
107,2019,177,944,10,30.62,46.01,447.6,18.17,11.63,3.099
107,2019,177,944,20,30.62,45.58,471.2,18.04,11.69,3.099
107,2019,177,944,30,30.62,45.56,455,18.04,11.62,3.099
107,2019,177,944,40,30.67,45.38,458.8,17.99,11.68,3.099
107,2019,177,944,50,30.71,45.88,834,18.15,11.63,3.099
107,2019,177,945,0,30.76,45.05,496.6,18.02,11.71,3.099
107,2019,177,945,10,30.81,44.84,465.2,17.99,11.65,3.099
107,2019,177,945,20,30.8,45.89,502.2,18.18,11.71,3.099
107,2019,177,945,30.13,30.86,46.6,502.8,18.51,11.71,3.099
107,2019,177,945,40,30.93,46.19,462.1,18.52,11.65,3.099
107,2019,177,945,50,30.95,45.64,459.3,18.4,11.71,3.099
107,2019,177,946,0,31.02,45.7,454.2,18.46,11.67,3.099
107,2019,177,946,10,31.02,45.88,450.8,18.53,11.71,3.099
107,2019,177,946,20,31.02,45.32,447.6,18.37,11.66,3.099
107,2019,177,946,30,30.98,46.09,489.5,18.49,11.71,3.099
107,2019,177,946,40,30.96,45.99,481,18.48,11.66,3.099
107,2019,177,946,50.13,30.93,45.2,459.4,18.28,11.7,3.099
107,2019,177,947,0,30.82,45.09,456.2,18.08,11.65,3.099
107,2019,177,947,10,30.71,45.62,447,18.04,11.72,3.099
107,2019,177,947,20,30.66,46.78,447.5,18.23,11.67,3.099
107,2019,177,947,30,30.68,48.76,445.4,18.89,11.72,3.099
107,2019,177,947,40,30.64,48.36,443.4,18.66,11.72,3.099
107,2019,177,947,50,30.61,51.4,439,19.37,11.66,3.099
107,2019,177,948,0,30.56,51.14,437,19.39,11.72,3.099
107,2019,177,948,10.13,30.5,50.9,436.1,19.29,11.67,3.099
107,2019,177,948,20,30.46,51.02,436,19.15,11.73,3.099
107,2019,177,948,30,30.41,51.67,436.7,19.33,11.67,3.099
107,2019,177,948,40,30.37,50.78,441.3,19.06,11.72,3.099
107,2019,177,948,50,30.41,51.05,446.2,19.16,11.67,3.099
107,2019,177,949,0,30.38,49.85,441,18.95,11.73,3.099
107,2019,177,949,10,30.35,48.85,439.6,18.6,11.67,3.099
107,2019,177,949,20,30.32,48.46,440,18.46,11.73,3.099
107,2019,177,949,30,30.28,49.08,440.2,18.5,11.63,3.099
107,2019,177,949,40,30.28,49.03,444.8,18.57,11.7,3.099
107,2019,177,949,50,30.31,48.55,449.6,18.4,11.69,3.099
107,2019,177,950,0,30.35,48.19,474.3,18.39,11.64,3.099
107,2019,177,950,10,30.43,47.33,462.4,18.25,11.69,3.099
107,2019,177,950,20,30.52,47.34,440.8,18.33,11.65,3.099
107,2019,177,950,30,30.6,47.41,440.1,18.43,11.69,3.099
107,2019,177,950,40,30.61,47.1,440.4,18.39,11.65,3.099
107,2019,177,950,50.13,30.61,46.62,441.5,18.26,11.7,3.099
107,2019,177,951,0,30.61,46.44,440.7,18.21,11.65,3.099
107,2019,177,951,10,30.61,46.6,438.5,18.25,11.69,3.099
107,2019,177,951,20,30.61,47.49,451.8,18.48,11.65,3.099
107,2019,177,951,30.13,30.61,48.36,445.8,18.67,11.7,3.099
107,2019,177,951,40,30.61,49.26,438.8,18.91,11.65,3.099
107,2019,177,951,50,30.57,52.2,438.1,19.46,11.61,3.099
107,2019,177,952,0,30.46,54.21,441.3,20.03,11.71,3.099
107,2019,177,952,10,30.36,52.12,439.2,19.43,11.65,3.099
107,2019,177,952,20,30.28,51.68,443.9,19.2,11.71,3.099
107,2019,177,952,30,30.26,53.62,435.4,19.67,11.65,3.099
107,2019,177,952,40,30.17,52.01,436.1,19.25,11.71,3.099
107,2019,177,952,50,30.09,52.9,440.5,19.23,11.65,3.099
107,2019,177,953,0,30.05,54.05,446.7,19.52,11.7,3.099
107,2019,177,953,10,30,55.7,445.3,19.82,11.65,3.099
107,2019,177,953,20,29.94,59.02,446.5,20.46,11.71,3.099
107,2019,177,953,30,29.89,57.97,442.8,20.33,11.65,3.099
107,2019,177,953,40,29.82,54.84,441.1,19.52,11.71,3.099
107,2019,177,953,50,29.81,54.27,438.6,19.33,11.66,3.099
107,2019,177,954,0,29.81,51.99,438.2,18.87,11.64,3.099
107,2019,177,954,10,29.83,50.76,437.1,18.54,11.71,3.099
107,2019,177,954,20,29.87,50.2,437,18.46,11.67,3.099
107,2019,177,954,30,29.93,50.46,438.7,18.54,11.72,3.099
107,2019,177,954,40,29.94,50.71,438.1,18.62,11.67,3.099
107,2019,177,954,50,29.96,51.23,442.9,18.76,11.71,3.099
107,2019,177,955,0,30.01,52.37,446,19.06,11.67,3.099
107,2019,177,955,10,30.07,52.46,445.4,19.19,11.72,3.099
107,2019,177,955,20,30.11,51.64,469.8,19.05,11.68,3.099
107,2019,177,955,30,30.17,51.29,476.8,19.07,11.72,3.099
107,2019,177,955,40,30.21,50.89,463.6,19.06,11.67,3.099
107,2019,177,955,50,30.28,49.92,457.4,18.84,11.71,3.099
107,2019,177,956,0,30.31,49.63,473.8,18.8,11.67,3.099
107,2019,177,956,10,30.34,49.48,513.9,18.82,11.65,3.099
107,2019,177,956,20,30.34,50.1,531.2,18.97,11.72,3.099
107,2019,177,956,30,30.34,50.87,504.8,19.18,11.67,3.099
107,2019,177,956,40,30.39,50.65,486.5,19.14,11.72,3.099
107,2019,177,956,50.13,30.39,51.46,452.2,19.35,11.67,3.099
107,2019,177,957,0,30.37,52.37,458.9,19.58,11.71,3.099
107,2019,177,957,10,30.34,50.7,458.5,19.21,11.67,3.099
107,2019,177,957,20,30.34,49.77,456.7,18.98,11.72,3.099
107,2019,177,957,30.13,30.29,49.28,456.2,18.83,11.67,3.099
107,2019,177,957,40,30.23,47.59,442.4,18.4,11.73,3.099
107,2019,177,957,50,30.2,47.47,449.8,18.18,11.7,3.099
107,2019,177,958,0,30.15,47.83,458.3,18.21,11.73,3.099
107,2019,177,958,10,30.14,49.32,466.4,18.53,11.72,3.099
107,2019,177,958,20,30.08,52.54,446.3,19.18,11.68,3.099
107,2019,177,958,30,29.99,59.95,455.2,20.68,11.72,3.099
107,2019,177,958,40,29.86,56.41,443.9,20.06,11.69,3.099
107,2019,177,958,50,29.69,54.89,437.3,19.31,11.72,3.099
107,2019,177,959,0,29.57,54.45,437.7,19.33,11.68,3.099
107,2019,177,959,10,29.41,54.62,439,19.05,11.72,3.099
107,2019,177,959,20,29.33,54.92,439.1,19.22,11.69,3.099
107,2019,177,959,30,29.36,53.95,439.2,18.97,11.73,3.099
107,2019,177,959,40,29.46,51.42,440.6,18.51,11.69,3.099
107,2019,177,959,50,29.47,51.43,448.7,18.48,11.73,3.099
107,2019,177,1000,0,29.52,51.3,443.8,18.53,11.69,3.099
107,2019,177,1000,10.13,29.55,50.14,440.9,18.31,11.67,3.099
107,2019,177,1000,20,29.63,49.73,444.6,18.24,11.73,3.099
107,2019,177,1000,30,29.71,49.34,442.7,18.2,11.69,3.099
107,2019,177,1000,40,29.79,48.62,439.6,18.07,11.74,3.099
107,2019,177,1000,50,29.87,47.85,463.6,17.93,11.69,3.099
107,2019,177,1001,0,29.94,47.88,447.6,18.03,11.73,3.099
107,2019,177,1001,10,30.01,48.63,443,18.23,11.7,3.099
107,2019,177,1001,20,30.07,49.06,444.9,18.51,11.73,3.099
107,2019,177,1001,30.13,30.12,47.87,441.3,18.2,11.7,3.099
107,2019,177,1001,40,30.17,47.75,442.6,18.24,11.74,3.099
107,2019,177,1001,50,30.25,47.39,452.6,18.24,11.69,3.099
107,2019,177,1002,0,30.27,46.72,439.4,18.12,11.74,3.099
107,2019,177,1002,10,30.29,46.1,439.6,17.97,11.68,3.099
107,2019,177,1002,20,30.27,45.85,438.8,17.86,11.74,3.099
107,2019,177,1002,30,30.27,45.77,438.4,17.76,11.72,3.099
107,2019,177,1002,40,30.27,46.28,439.5,17.89,11.68,3.099
107,2019,177,1002,50.13,30.27,46.87,441.1,18.06,11.73,3.099
107,2019,177,1003,0,30.28,47.05,440.7,18.15,11.68,3.099
107,2019,177,1003,10,30.33,46.95,446,18.14,11.72,3.099
107,2019,177,1003,20,30.33,46.89,444.6,18.13,11.69,3.099
107,2019,177,1003,30,30.32,46.68,445.6,18.07,11.72,3.099
107,2019,177,1003,40,30.27,46.67,446.4,18.04,11.68,3.099
107,2019,177,1003,50,30.27,46.75,449,18.04,11.72,3.099
107,2019,177,1004,0,30.27,47.08,465.8,18.26,11.69,3.099
107,2019,177,1004,10,30.27,48.11,491.2,18.31,11.72,3.099
107,2019,177,1004,20,30.27,48.12,455.2,18.28,11.68,3.099
107,2019,177,1004,30,30.27,47.63,472.3,18.25,11.72,3.099
107,2019,177,1004,40,30.27,46.77,461.5,18.11,11.72,3.099
107,2019,177,1004,50,30.27,46.85,458.3,18.06,11.69,3.099
107,2019,177,1005,0,30.27,47.35,478.7,18.21,11.72,3.099
107,2019,177,1005,10,30.27,47.58,474.7,18.21,11.68,3.099
107,2019,177,1005,20,30.26,47.49,458.9,18.16,11.72,3.099
107,2019,177,1005,30.13,30.25,47.38,457.4,18.06,11.68,3.099
107,2019,177,1005,40,30.24,47.33,456,18.02,11.71,3.099
107,2019,177,1007,40,30.12,47.27,294.6,-.309,12.82,3.099
107,2019,177,1007,50,30.12,47.28,293.7,-.449,12.88,3.099
107,2019,177,1008,0,30.15,47.38,293,-.589,12.86,3.099
107,2019,177,1008,10,30.18,47.57,292.5,-.717,12.88,3.099
107,2019,177,1013,50,-28.55,7.84,674.6,11.97,11.34,3.1
107,2019,177,1014,0,-55.05,-20.89,690.2,14.45,11.41,3.1
107,2019,177,1019,0,-41.47,-4.517,904,9.59,11.6,3.099
107,2019,177,1019,10,-62.76,-28.11,765,13.01,11.56,3.099
107,2019,177,1019,20,-74.7,-40.08,576.2,15.2,11.55,3.099
107,2019,177,1019,30,-78,-42.53,589.1,15.32,11.55,3.099
107,2019,177,1019,40,-79.9,-45.05,572.5,15.35,11.53,3.099
107,2019,177,1019,50,-80.4,-45.57,572.9,15.34,11.58,3.099
107,2019,177,1020,0,-80.6,-45.73,576.5,15.29,11.52,3.099
107,2019,177,1020,10,-80.6,-45.76,575,15.3,11.57,3.099
107,2019,177,1020,20,-80.7,-45.79,576.9,15.25,11.53,3.099
107,2019,177,1020,30,-80.7,-45.76,578,15.18,11.58,3.099
107,2019,177,1020,40,-80.7,-45.76,576.8,15.29,11.63,3.099
107,2019,177,1020,50,-80.7,-45.74,565.3,15.67,11.72,3.099
107,2019,177,1021,0,-80.7,-45.74,560.8,15.75,11.74,3.099
107,2019,177,1021,10,-80.7,-45.7,561.5,15.77,11.79,3.099
107,2019,177,1021,20,-80.7,-45.69,577.3,15.67,11.79,3.099
107,2019,177,1021,30,-80.7,-45.72,583.1,15.58,11.82,3.099
107,2019,177,1021,40,-80.7,-45.7,590.8,15.39,11.83,3.099
107,2019,177,1021,50,-80.8,-45.71,601.6,15.32,11.81,3.099
107,2019,177,1022,0,-80.8,-45.74,598,15.17,11.81,3.099
107,2019,177,1022,10,-80.8,-45.76,597.8,15.14,11.79,3.099
107,2019,177,1022,20,-80.8,-45.71,609.9,15.17,11.8,3.099
107,2019,177,1022,30,-80.8,-45.73,599.9,15.16,11.79,3.099
107,2019,177,1022,40,-80.8,-45.72,602.5,15.18,11.8,3.099
107,2019,177,1022,50,-80.8,-45.71,613.8,15.15,11.79,3.099
107,2019,177,1023,0,-80.8,-45.72,618.6,15.14,11.81,3.099
107,2019,177,1023,10,-80.8,-45.71,624.7,15.19,11.77,3.099
107,2019,177,1023,20,-80.8,-45.7,623.8,15.17,11.81,3.099
107,2019,177,1023,30,-80.8,-45.71,630.6,15.17,11.81,3.099
107,2019,177,1023,40,-80.8,-45.71,631.4,15.16,11.77,3.099
107,2019,177,1023,50,-80.8,-45.71,633.4,15.13,11.82,3.099
107,2019,177,1024,0,-80.8,-45.71,635.9,15.11,11.77,3.099
107,2019,177,1024,10,-80.8,-45.69,638.1,15.12,11.82,3.099
107,2019,177,1024,20,-80.8,-45.64,638.2,15.12,11.79,3.099
107,2019,177,1024,30,-80.4,-45.17,639.5,15.07,11.8,3.099
107,2019,177,1024,40,-80.5,-45.28,643.4,15.12,11.79,3.099
107,2019,177,1024,50,-80.7,-45.59,641.8,15.19,11.79,3.099
107,2019,177,1025,0,-80.8,-45.7,647.1,15.14,11.79,3.099
107,2019,177,1025,10,-80.9,-45.73,648,15.15,11.81,3.099
107,2019,177,1025,20,-80.9,-45.76,643.2,15.17,11.79,3.099
107,2019,177,1025,30,-80.9,-45.75,633.1,15.26,11.81,3.099
107,2019,177,1025,40,-80.9,-45.76,641.9,15.2,11.79,3.099
107,2019,177,1025,50,-80.9,-45.77,646,15.22,11.79,3.099
107,2019,177,1026,0,-80.9,-45.77,648.8,15.19,11.81,3.099
107,2019,177,1026,10,-80.9,-45.77,658.1,15.18,11.79,3.099
107,2019,177,1026,20,-81,-45.79,658.9,15.18,11.81,3.099
107,2019,177,1026,30,-81,-45.77,667.2,15.17,11.78,3.099
107,2019,177,1026,40,-81,-45.77,668.3,15.2,11.8,3.099
107,2019,177,1026,50,-81,-45.79,671.3,15.2,11.77,3.099
107,2019,177,1027,0,-80.9,-45.78,672.3,15.22,11.82,3.099
107,2019,177,1027,10,-81,-45.81,667.9,15.28,11.78,3.099
107,2019,177,1027,20,-81,-45.8,669.2,15.32,11.79,3.099
107,2019,177,1027,30,-81,-45.81,661.9,15.32,11.77,3.099
107,2019,177,1027,40,-81,-45.83,666.7,15.26,11.81,3.099
107,2019,177,1027,50,-81,-45.83,680.9,15.2,11.82,3.099
107,2019,177,1028,0,-81,-45.86,681.5,15.21,11.77,3.099
107,2019,177,1028,10,-81,-45.86,693.6,15.16,11.81,3.099
107,2019,177,1028,20,-81,-45.88,692,15.19,11.79,3.099
107,2019,177,1028,30,-81,-45.86,689.5,15.22,11.82,3.099
107,2019,177,1028,40,-81,-45.88,690.7,15.25,11.78,3.099
107,2019,177,1028,50,-81.1,-45.89,692.4,15.26,11.81,3.099
107,2019,177,1029,0,-81.1,-45.9,687.2,15.26,11.78,3.099
107,2019,177,1029,10,-81.1,-45.9,681.5,15.29,11.82,3.099
107,2019,177,1029,20,-81.1,-45.9,683,15.35,11.78,3.099
107,2019,177,1029,30,-81.1,-45.92,689,15.28,11.82,3.099
107,2019,177,1029,40,-81.1,-45.91,694.3,15.26,11.8,3.099
107,2019,177,1029,50,-81.1,-45.93,700,15.24,11.8,3.099
107,2019,177,1030,0,-81.1,-45.93,698.7,15.27,11.8,3.099
107,2019,177,1030,10,-81.1,-45.95,694,15.31,11.77,3.099
107,2019,177,1030,20,-81.1,-45.93,702,15.28,11.81,3.099
107,2019,177,1030,30,-81.1,-45.95,702,15.25,11.76,3.099
107,2019,177,1030,40,-81.1,-45.94,697.5,15.29,11.81,3.099
107,2019,177,1030,50,-81.1,-45.96,699.6,15.35,11.78,3.099
107,2019,177,1031,0,-81.1,-45.97,706,15.3,11.81,3.099
107,2019,177,1031,10,-81.2,-46,711,15.25,11.78,3.099
107,2019,177,1031,20,-81.2,-46.01,712,15.23,11.82,3.099
107,2019,177,1031,30,-81.2,-46,706,15.33,11.78,3.099
107,2019,177,1031,40,-81.2,-46,709,15.33,11.81,3.099
107,2019,177,1031,50,-81.2,-46.04,716,15.33,11.78,3.099
107,2019,177,1032,0,-81.2,-46.04,717,15.27,11.78,3.099
107,2019,177,1032,10,-81.2,-46.02,719,15.23,11.8,3.099
107,2019,177,1032,20,-81.2,-46.04,718,15.28,11.79,3.099
107,2019,177,1032,30,-81.2,-46.05,724,15.18,11.8,3.099
107,2019,177,1032,40,-81.1,-46,727,15.17,11.79,3.099
107,2019,177,1032,50,-81.3,-46.13,729,15.29,11.8,3.099
107,2019,177,1033,0,-80.7,-45.81,724,15.34,11.78,3.099
107,2019,177,1033,10,-82.5,-47.58,717,15.33,11.81,3.099
107,2019,177,1033,20,-84.7,-49.87,709,15.32,11.79,3.099
107,2019,177,1033,30,-82.2,-47.12,708,15.31,11.8,3.099
107,2019,177,1050,20,-30.6,6.324,312.1,-6999,12.92,3.101
107,2019,177,1050,30,-56.11,-21.68,1100,9.56,12.79,3.101
107,2019,177,1050,40,-76.4,-42.41,714,14.56,12.74,3.101
107,2019,177,1050,50,-80.5,-46.37,712,15.12,12.7,3.101
107,2019,177,1111,10,-32.54,3.631,541.4,-6999,12.86,3.1
107,2019,177,1111,20,-58.9,-24.91,917,13.32,12.75,3.1
107,2019,177,1111,30,-74,-40.7,570.5,16.98,12.71,3.1
107,2019,177,1111,40,-79.7,-45.82,579.5,17.36,12.67,3.1
107,2019,177,1111,50,-81.5,-47.25,583.5,17.44,12.67,3.1
107,2019,177,1112,0,-82,-47.07,508.6,17.74,12.65,3.1
107,2019,177,1112,10,-82.1,-47.12,498.3,17.99,12.67,3.1
107,2019,177,1112,20,-82.1,-47.39,501.9,18.1,12.65,3.1
107,2019,177,1112,30,-82.4,-48.19,512.4,18.14,12.67,3.1
107,2019,177,1112,40,-82.4,-47.94,493,18.16,12.66,3.1
107,2019,177,1112,50,-82.3,-47.73,487,18.2,12.67,3.1
107,2019,177,1113,0,-82.3,-47.65,495.6,18.23,12.67,3.1
107,2019,177,1113,10,-82.3,-47.65,512.2,18.17,12.65,3.1
107,2019,177,1113,20,-82.3,-47.65,519.5,18.1,12.67,3.1
107,2019,177,1113,30,-82.3,-47.66,521.2,18.06,12.66,3.1
107,2019,177,1113,40,-82.5,-47.77,485.8,18.18,12.67,3.1
107,2019,177,1113,50,-82.4,-47.68,481.8,18.33,12.65,3.1
107,2019,177,1114,0,-82.3,-47.59,498.2,18.31,12.67,3.1
107,2019,177,1114,10,-82.4,-47.73,512,18.18,12.65,3.1
107,2019,177,1114,20,-82.8,-47.98,517.3,18.08,12.67,3.1
107,2019,177,1757,50,22.59,65.87,769,-6999,13.39,3.099
107,2019,177,1758,0,22.59,65.87,783,12.54,13.3,3.099
107,2019,177,1758,10,22.59,65.87,654.5,14.57,13.2,3.099
107,2019,177,1758,20,22.59,65.87,658.2,14.89,13.14,3.099
107,2019,177,1758,30,22.59,65.87,658.9,15.04,13.08,3.099
107,2019,177,1758,40,22.59,65.87,656.9,15.12,13.09,3.099
107,2019,177,1758,50,22.6,65.85,654.6,15.19,13.05,3.099
107,2019,177,1759,0,22.6,65.83,652,15.23,13.03,3.099
107,2019,177,1759,10,22.59,65.86,647.2,15.26,13.05,3.099
107,2019,177,1759,20,22.59,65.87,645.8,15.29,13.02,3.099
107,2019,177,1759,30,22.59,65.87,643.7,15.31,13.03,3.099
107,2019,177,1759,40,22.6,65.87,640.5,15.33,13.01,3.099
107,2019,177,1759,50,22.59,65.86,637.6,15.35,13.03,3.099
107,2019,177,1800,0,22.59,65.86,633.6,15.37,13,3.099
107,2019,177,1800,10,22.59,65.87,628.4,15.38,13.02,3.099
107,2019,177,1800,20,22.59,65.87,624.9,15.39,13.01,3.099
107,2019,177,1800,30,22.59,65.97,618.6,15.41,13.01,3.099
107,2019,177,1800,40,22.59,66.15,809,15.45,12.99,3.099
107,2019,177,1800,50,22.62,67.57,787,15.71,13.01,3.099
107,2019,177,1801,0,22.67,68.29,545.4,15.86,12.99,3.099
107,2019,177,1801,10,22.74,68.43,650.9,15.95,12.98,3.099
107,2019,177,1801,20,22.83,67.93,525.1,15.98,13,3.099
107,2019,177,1801,30,22.9,67.34,540.3,16,12.87,3.099
107,2019,177,1801,40,23,66.86,563.2,16.05,12.91,3.099
107,2019,177,1801,50,23.1,66.16,537.2,16.05,12.88,3.099
107,2019,177,1802,0,23.19,65.4,544,16.04,12.91,3.099
107,2019,177,1802,10,23.27,65.18,539.1,16.1,12.87,3.099
107,2019,177,1802,20,23.36,65,524.2,16.19,12.9,3.099
107,2019,177,1802,30,23.44,64.36,498.2,16.19,12.87,3.099
107,2019,177,1802,40,23.53,63.67,492.7,16.19,12.9,3.099
107,2019,177,1802,50,23.63,63.11,490.1,16.23,12.86,3.099
107,2019,177,1803,0,23.7,62.65,489,16.27,12.89,3.099
107,2019,177,1803,10,23.81,62.3,489.1,16.33,12.89,3.099
107,2019,177,1803,20,23.93,61.91,480.2,16.41,12.86,3.099
107,2019,177,1803,30,24.06,61.06,480.6,16.42,12.89,3.099
107,2019,177,1803,40,24.2,60.46,479.8,16.44,12.85,3.099
107,2019,177,1803,50,24.32,59.76,482.3,16.44,12.88,3.099
107,2019,177,1804,0,24.44,58.95,471.9,16.43,12.85,3.099
107,2019,177,1804,10,24.56,58.26,466.3,16.38,12.88,3.099
107,2019,177,1804,20,24.67,58.09,479.2,16.42,12.86,3.099
107,2019,177,1804,30,24.84,58.12,470.5,16.58,12.88,3.099
107,2019,177,1804,40,25.08,57.55,469.5,16.73,12.85,3.099
107,2019,177,1804,50,25.4,57.21,465.4,16.93,12.86,3.099
107,2019,177,1805,0,25.69,56.96,461.6,17.24,12.81,3.099
107,2019,177,1805,10,25.95,54.5,458.7,17.21,12.85,3.099
107,2019,177,1805,20,26.27,51.78,454.7,16.97,12.85,3.099
107,2019,177,1805,30,26.61,49.71,449.2,16.84,12.79,3.099
107,2019,177,1805,40,26.92,50.43,457.3,17.12,12.84,3.099
107,2019,177,1805,50,27.15,49.79,465.8,17.25,12.8,3.099
107,2019,177,1806,0,27.32,50.07,452.6,17.41,12.84,3.099
107,2019,177,1806,10,27.43,49.7,446.7,17.51,12.82,3.099
107,2019,177,1806,20,27.51,48.54,439.7,17.34,12.89,3.099
107,2019,177,1806,30,27.55,48.52,476.4,17.35,12.89,3.099
107,2019,177,1806,40,27.6,47.76,435.4,17.34,12.98,3.099
107,2019,177,1806,50,27.64,49.15,427.7,17.79,13,3.099
107,2019,177,1807,0,27.68,49.39,430,18.04,13.07,3.099
107,2019,177,1807,10,27.76,48.36,423.9,17.94,13.07,3.099
107,2019,177,1807,20,27.83,47.76,426.8,17.78,13.1,3.099
107,2019,177,1807,30,27.92,48.17,429.9,17.73,13.1,3.099
107,2019,177,1807,40,27.94,50.26,444.8,18.1,13.07,3.099
107,2019,177,1807,50,27.99,48.54,437.4,17.93,13.1,3.099
107,2019,177,1808,0,28.09,46.12,433.1,17.44,13.07,3.099
107,2019,177,1808,10,28.24,47.28,438.9,17.5,13.1,3.099
107,2019,177,1808,20,28.33,48.75,439.6,17.91,13.07,3.099
107,2019,177,1808,30,28.4,48.53,442,17.96,13.08,3.099
107,2019,177,1808,40,28.43,47.73,455.9,17.87,13.06,3.099
107,2019,177,1808,50,28.48,48.01,431.8,17.94,13.08,3.099
107,2019,177,1809,0,28.53,48.01,433.2,18.02,13.07,3.099
107,2019,177,1809,10,28.55,50.26,439.4,18.29,13.09,3.099
107,2019,177,1809,20,28.55,52.49,443.5,18.82,13.06,3.099
107,2019,177,1809,30,28.55,52.2,444.5,18.96,13.05,3.099
107,2019,177,1809,40,28.55,52.62,440,18.92,13.09,3.099
107,2019,177,1809,50,28.55,54.65,445.2,19.3,13.06,3.099
107,2019,177,1810,0,28.55,54.25,438.7,19.33,13.1,3.099
107,2019,177,1810,10,28.55,54.35,439,19.34,13.06,3.099
107,2019,177,1810,20,28.51,55.49,442.5,19.47,13.09,3.099
107,2019,177,1810,30,28.48,56.14,445.9,19.62,13.07,3.099
107,2019,177,1810,40,28.42,55.33,440.6,19.53,13.09,3.099
107,2019,177,1810,50,28.41,53.84,436.3,19.23,13.06,3.099
107,2019,177,1811,0,28.34,53.88,439.7,19.17,13.09,3.099
107,2019,177,1811,10,28.31,52.68,433.9,18.88,13.06,3.099
107,2019,177,1811,20,28.28,53.54,445.8,18.88,13.1,3.099
107,2019,177,1811,30,28.28,54.04,447.4,19.02,13.07,3.099
107,2019,177,1811,40,28.28,52.82,433.3,18.77,13.05,3.099
107,2019,177,1811,50,28.28,53.41,442.2,18.75,13.09,3.099
107,2019,177,1812,0,28.28,57.84,499.5,19.48,13.07,3.099
107,2019,177,1812,10,28.28,56.64,455.9,19.59,13.08,3.099
107,2019,177,1812,20,28.28,53.21,426.4,18.84,13.06,3.099
107,2019,177,1812,30,28.28,53.66,451.5,18.78,13.06,3.099
107,2019,177,1812,40,28.34,56.16,473.4,19.23,13.02,3.099
107,2019,177,1812,50,28.34,54.86,438.1,19.16,13.07,3.099
107,2019,177,1813,0,28.34,53.01,430.8,18.79,13.02,3.099
107,2019,177,1813,10,28.34,52.19,426.4,18.54,13.06,3.099
107,2019,177,1813,20,28.38,53.66,443.2,18.69,13.03,3.099
107,2019,177,1813,30,28.41,55.57,437.1,19.1,13.05,3.099
107,2019,177,1813,40,28.4,56.72,439.5,19.3,13.01,3.099
107,2019,177,1813,50,28.35,58.88,453.4,19.64,12.99,3.099
107,2019,177,1814,0,28.28,59.42,441.2,19.83,13.05,3.099
107,2019,177,1814,10,28.16,59.58,436.8,19.66,13.01,3.099
107,2019,177,1814,20,27.99,61.96,466.5,19.87,13.05,3.099
107,2019,177,1814,30,27.85,61.69,448.8,19.83,13.01,3.099
107,2019,177,1814,40,27.81,61.42,456.3,19.71,13.05,3.099
107,2019,177,1814,50,27.74,60.83,454.7,19.62,13.01,3.099
107,2019,177,1815,0,27.78,59.51,438,19.35,13.05,3.099
107,2019,177,1815,10,27.84,58.63,453.8,19.21,13.12,3.099
107,2019,177,1815,20,27.93,59.15,481.9,19.3,13.14,3.099
107,2019,177,1815,30,28,59.07,466.3,19.4,13.12,3.099
107,2019,177,1815,40,28.07,59.05,452.2,19.46,13.14,3.099
107,2019,177,1815,50,28.23,58.02,449,19.45,13.12,3.099
107,2019,177,1816,0,28.51,56.19,451.1,19.36,13.12,3.099
107,2019,177,1816,10,28.8,56.28,451.6,19.64,13.14,3.099
107,2019,177,1816,20,28.98,55.92,452,19.67,13.12,3.099
107,2019,177,1816,30,29.04,57.32,460.4,20.01,13.14,3.099
107,2019,177,1816,40,29.03,57.95,469,20.24,13.12,3.099
107,2019,177,1816,50,29.07,55.82,460.1,19.87,13.14,3.099
107,2019,177,1817,0,29.08,54.55,447.9,19.71,13.12,3.099
107,2019,177,1817,10,29.08,54.59,451.9,19.54,13.14,3.099
107,2019,177,1817,20,29.22,56.38,431.6,19.88,13.12,3.099
107,2019,177,1817,30,29.37,56.8,444.1,20.1,13.14,3.099
107,2019,177,1817,40,29.39,57.95,438.5,20.46,13.12,3.099
107,2019,177,1817,50,29.35,58.18,435.6,20.58,13.14,3.099
107,2019,177,1818,0,29.36,59.22,447.8,20.69,13.14,3.099
107,2019,177,1818,10,29.36,60.09,438.5,20.94,13.1,3.099
107,2019,177,1818,20,29.28,61.91,461.6,21.1,13.13,3.099
107,2019,177,1818,30,29.3,62.98,468.7,21.32,13.1,3.099
107,2019,177,1818,40,29.35,63.46,457.7,21.52,13.12,3.099
107,2019,177,1818,50,29.43,64.13,466.1,21.77,13.1,3.099
107,2019,177,1819,0,29.53,62.94,456.3,21.81,13.12,3.099
107,2019,177,1819,10,29.6,62.55,451.2,21.84,13.11,3.099
107,2019,177,1819,20,29.61,62.34,452.9,21.85,13.12,3.099
107,2019,177,1819,30,29.66,62.24,457.3,21.85,13.1,3.099
107,2019,177,1819,40,29.68,62.23,459.8,21.9,13.11,3.099
107,2019,177,1819,50,29.74,62.27,463.9,21.94,13.1,3.099
107,2019,177,1820,0,29.78,62.45,473.7,22.02,13.12,3.099
107,2019,177,1820,10,29.82,62.06,478.8,22.03,13.11,3.099
107,2019,177,1820,20,29.86,62.04,479.3,22.06,13.09,3.099
107,2019,177,1820,30,29.86,61.99,483.5,22.04,13.11,3.099
107,2019,177,1820,40,29.88,62.15,475.7,22.08,13.1,3.099
107,2019,177,1820,50,29.88,61.82,468.2,22.05,13.12,3.099
107,2019,177,1821,0,29.88,61.13,456.1,21.99,13.09,3.099
107,2019,177,1821,10,29.85,60.09,448.3,21.77,13.12,3.099
107,2019,177,1821,20,29.8,59.61,446.5,21.61,13.09,3.099
107,2019,177,1821,30,29.75,60.11,444.4,21.54,13.11,3.099
107,2019,177,1821,40,29.69,61.83,555,21.77,13.1,3.099
107,2019,177,1821,50,29.67,62.15,459.2,21.81,13.11,3.099
107,2019,177,1822,0,29.61,62.42,462.7,21.84,13.09,3.099
107,2019,177,1822,10,29.61,62.98,482.8,21.92,13.1,3.099
107,2019,177,1822,20,29.61,63.03,476.2,21.94,13.11,3.099
107,2019,177,1822,30,29.61,61.92,466.3,21.79,13.08,3.099
107,2019,177,1822,40,29.6,60.83,468,21.55,13.11,3.099
107,2019,177,1822,50,29.61,61.25,468.3,21.58,13.1,3.099
107,2019,177,1823,0,29.61,61.37,476,21.59,13.12,3.099
107,2019,177,1823,10,29.61,61.26,468.3,21.55,13.09,3.099
107,2019,177,1823,20,29.63,60.98,469.6,21.51,13.11,3.099
107,2019,177,1823,30,29.68,60.63,467.3,21.47,13.08,3.099
107,2019,177,1823,40,29.68,60.49,468.4,21.47,13.1,3.099
107,2019,177,1823,50,29.68,60.8,471.4,21.48,13.09,3.099
107,2019,177,1824,0,29.68,62.61,475.1,21.8,13.1,3.099
107,2019,177,1824,10,29.68,62.57,470.6,21.86,13.09,3.099
107,2019,177,1824,20,29.68,62.94,463.6,21.91,13.09,3.099
107,2019,177,1824,30,29.68,63.47,467.6,22.01,13.11,3.099
107,2019,177,1824,40,29.68,63.88,471.7,22.11,13.09,3.099
107,2019,177,1824,50,29.72,64.03,480.7,22.16,13.11,3.099
107,2019,177,1825,0,29.75,64.27,500,22.24,13.08,3.099
107,2019,177,1825,10,29.77,63.44,480.4,22.19,13.1,3.099
107,2019,177,1825,20,29.82,63.49,473.5,22.19,13.08,3.099
107,2019,177,1825,30,29.88,63.56,476.3,22.28,13.11,3.099
107,2019,177,1825,40,29.92,62.99,471.8,22.31,13.09,3.099
107,2019,177,1825,50,29.93,61.12,464.9,22.03,13.1,3.099
107,2019,177,1826,0,29.88,58.86,458.4,21.58,13.08,3.099
107,2019,177,1826,10,29.88,55.23,449.3,20.98,13.1,3.099
107,2019,177,1826,20,29.88,52.54,440.5,20.28,13.08,3.099
107,2019,177,1826,30,29.88,51.96,437.7,20.02,13.07,3.099
107,2019,177,1826,40,29.94,52.73,441.3,20.02,13.1,3.099
107,2019,177,1826,50,29.95,53.72,447.7,20.18,13.08,3.099
107,2019,177,1827,0,29.92,54.41,446.4,20.26,13.1,3.099
107,2019,177,1827,10,29.88,55.14,452.1,20.42,13.08,3.099
107,2019,177,1827,20,29.88,55.91,457.4,20.59,13.1,3.099
107,2019,177,1827,30,29.88,54.85,446.5,20.39,13.08,3.099
107,2019,177,1827,40,29.88,53.87,447.9,20.1,13.1,3.099
107,2019,177,1827,50,29.87,53.89,444.9,20.06,13.08,3.099
107,2019,177,1828,0,29.88,53.86,449.2,20.06,13.1,3.099
107,2019,177,1828,10,29.88,53.74,455.5,20,13.08,3.099
107,2019,177,1828,20,29.88,53.48,483.8,19.94,13.1,3.099
107,2019,177,1828,30,29.94,53.89,490.9,20.06,13.08,3.099
107,2019,177,1828,40,29.99,53.91,495.1,20.14,13.07,3.099
107,2019,177,1828,50,30.01,53.61,474.4,20.11,13.1,3.099
107,2019,177,1829,0,30,53.09,457.7,20.02,13.08,3.099
107,2019,177,1829,10,29.95,53.66,462.9,19.94,13.09,3.099
107,2019,177,1829,20,29.92,55.78,471.4,20.32,13.08,3.099
107,2019,177,1829,30,29.86,56.19,476.3,20.41,13.1,3.099
107,2019,177,1829,40,29.81,56.32,465.6,20.42,13.08,3.099
107,2019,177,1829,50,29.75,55.25,450.8,20.24,13.1,3.099
107,2019,177,1830,0,29.73,53.58,446.8,19.88,13.08,3.099
107,2019,177,1830,10,29.74,52.96,443.6,19.65,13.1,3.099
107,2019,177,1830,20,29.7,53.51,443.1,19.72,13.08,3.099
107,2019,177,1830,30,29.68,53.18,452.3,19.65,13.09,3.099
107,2019,177,1830,40,29.64,52.08,446.7,19.36,13.08,3.099
107,2019,177,1830,50,29.61,53.21,444.1,19.47,13.08,3.099
107,2019,177,1831,0,29.61,53.17,448.7,19.47,13.1,3.099
107,2019,177,1831,10,29.63,53.21,474.5,19.47,13.08,3.099
107,2019,177,1831,20,29.68,53.17,456.4,19.48,13.09,3.099
107,2019,177,1831,30,29.68,52.8,493.9,19.48,13.08,3.099
107,2019,177,1831,40,29.71,51.34,459.6,19.16,13.08,3.099
107,2019,177,1831,50,29.78,50.59,474.9,19.08,13.08,3.099
107,2019,177,1832,0,29.9,51.73,501.3,19.28,13.09,3.099
107,2019,177,1832,10,30.03,53.6,511,19.86,13.07,3.099
107,2019,177,1832,20,30.08,54.68,506.6,20.18,13.1,3.099
107,2019,177,1832,30,30.08,53.83,481.4,20.18,13.08,3.099
107,2019,177,1832,40,30.08,51.3,472.6,19.64,13.1,3.099
107,2019,177,1832,50,30.08,50.71,464.1,19.39,13.09,3.099
107,2019,177,1833,0,30.08,53.36,517.2,19.84,13.06,3.099
107,2019,177,1833,10,30.08,54.85,517.5,20.23,13.09,3.099
107,2019,177,1833,20,30.1,55.08,486.2,20.37,13.07,3.099
107,2019,177,1833,30,30.15,53.91,456.4,20.18,13.09,3.099
107,2019,177,1833,40,30.15,53.41,466.6,20.12,13.07,3.099
107,2019,177,1833,50,30.15,53.29,462.7,20.06,13.08,3.099
107,2019,177,1834,0,30.15,52.68,443.8,19.99,13.07,3.099
107,2019,177,1834,10,30.2,52.34,440.1,19.89,13.09,3.099
107,2019,177,1834,20,30.21,54.57,444.2,20.26,13.08,3.099
107,2019,177,1834,30,30.27,55.79,454,20.71,13.09,3.099
107,2019,177,1834,40,30.28,54.6,447.1,20.5,13.07,3.099
107,2019,177,1834,50,30.32,53.75,455.2,20.44,13.08,3.099
107,2019,177,1835,0,30.39,52.12,463.6,20.15,13.08,3.099
107,2019,177,1835,10,30.46,51.66,472.3,20.09,13.07,3.099
107,2019,177,1835,20,30.54,51.54,480.3,20.1,13.09,3.099
107,2019,177,1835,30,30.61,50.46,464.3,19.97,13.07,3.099
107,2019,177,1835,40,30.62,50.6,455.8,19.97,13.09,3.099
107,2019,177,1835,50,30.61,50.92,464.8,20.02,13.06,3.099
107,2019,177,1836,0,30.59,51.74,474.2,20.1,13.08,3.099
107,2019,177,1836,10,30.51,51.67,475.3,20.05,13.06,3.099
107,2019,177,1836,20,30.46,51.85,473.5,20,13.09,3.099
107,2019,177,1836,30,30.42,52.46,491.9,20.06,13.07,3.099
107,2019,177,1836,40,30.48,53.23,471.7,20.33,13.08,3.099
107,2019,177,1836,50,30.48,51.73,453,20.08,13.06,3.099
107,2019,177,1837,0,30.48,52.28,467.7,20.08,13.08,3.099
107,2019,177,1837,10,30.48,52.89,470.6,20.27,13.08,3.099
107,2019,177,1837,20,30.48,53.15,479.8,20.31,13.06,3.099
107,2019,177,1837,30,30.46,53.02,470.5,20.27,13.08,3.099
107,2019,177,1837,40,30.41,52.99,470.3,20.23,13.06,3.099
107,2019,177,1837,50,30.38,52.97,467.3,20.2,13.08,3.099
107,2019,177,1838,0,30.35,53.14,468.7,20.19,13.06,3.099
107,2019,177,1838,10,30.34,53.27,470.7,20.19,13.08,3.099
107,2019,177,1838,20,30.29,53.14,468,20.14,13.06,3.099
107,2019,177,1838,30,30.28,53.14,463.2,20.11,13.08,3.099
107,2019,177,1838,40,30.28,53.9,465.8,20.23,13.06,3.099
107,2019,177,1838,50,30.23,54.72,472.4,20.38,13.08,3.099
107,2019,177,1839,0,30.21,54.06,460.5,20.22,13.06,3.099
107,2019,177,1839,10,30.21,54.42,458.5,20.26,13.08,3.099
107,2019,177,1839,20,30.14,55.04,456,20.37,13.08,3.099
107,2019,177,1839,30,30.1,55.46,463.4,20.44,13.06,3.099
107,2019,177,1839,40,30.05,55.27,453.9,20.32,13.08,3.099
107,2019,177,1839,50,30.01,54.62,454.8,20.13,13.06,3.099
107,2019,177,1840,0,30.01,54.81,541.4,20.15,13.08,3.099
107,2019,177,1840,10,30.01,54.99,502.1,20.15,13.06,3.099
107,2019,177,1840,20,30.01,54.56,462.1,20.02,13.07,3.099
107,2019,177,1840,30,30.01,54.36,455,20.01,13.06,3.099
107,2019,177,1840,40,30.04,54.17,457.3,20.02,13.08,3.099
107,2019,177,1840,50,30.08,53.75,454.2,19.93,13.06,3.099
107,2019,177,1841,0,30.08,53.46,453,19.89,13.08,3.099
107,2019,177,1841,10,30.08,53.17,449.9,19.84,13.06,3.099
107,2019,177,1841,20,30.08,53.48,458.3,19.93,13.05,3.099
107,2019,177,1841,30,30.13,53.6,469.1,19.96,13.08,3.099
107,2019,177,1841,40,30.14,53.89,479.2,20.06,13.05,3.099
107,2019,177,1841,50,30.14,55.29,466.1,20.43,13.08,3.099
107,2019,177,1842,0,30.14,56.2,476.8,20.68,13.06,3.099
107,2019,177,1842,10,30.17,56.46,465.5,20.74,13.08,3.099
107,2019,177,1842,20,30.2,55.97,504.1,20.64,13.06,3.099
107,2019,177,1842,30,30.2,55.08,468,20.45,13.07,3.099
107,2019,177,1842,40,30.17,54.32,464.9,20.27,13.06,3.099
107,2019,177,1842,50,30.14,54.21,467.1,20.23,13.07,3.099
107,2019,177,1843,0,30.14,54.8,495,20.32,13.06,3.099
107,2019,177,1843,10,30.11,54.66,461.2,20.29,13.08,3.099
107,2019,177,1843,20,30.06,55.05,495.7,20.24,13.06,3.099
107,2019,177,1843,30,30,56.47,524.1,20.48,13.04,3.099
107,2019,177,1843,40,29.91,58.4,549.9,20.76,13.08,3.099
107,2019,177,1843,50,29.76,59.73,514.1,20.89,13.06,3.099
107,2019,177,1844,0,29.62,60.97,519.3,20.96,13.07,3.099
107,2019,177,1844,10,29.48,61.75,517.6,21.04,13.06,3.099
107,2019,177,1844,20,29.38,61.56,522.4,20.88,13.07,3.099
107,2019,177,1844,30,29.32,60.92,495.7,20.71,13.05,3.099
107,2019,177,1844,40,29.28,61.52,485.5,20.76,13.07,3.099
107,2019,177,1844,50,29.27,62.75,472,21.01,13.06,3.099
107,2019,177,1845,0,29.23,63.71,470.5,21.19,13.07,3.099
107,2019,177,1845,10,29.2,62.64,462,20.96,13.06,3.099
107,2019,177,1845,20,29.14,63.23,478.8,21.02,13.07,3.099
107,2019,177,1845,30,29.14,63.11,468.9,21.02,13.06,3.099
107,2019,177,1845,40,29.14,62.59,464.4,20.91,13.04,3.099
107,2019,177,1845,50,29.12,63.61,483.1,21.09,13.07,3.099
107,2019,177,1846,0,29.04,68.03,549.5,21.55,13.05,3.099
107,2019,177,1846,10,28.8,73.6,516.5,22.46,13.07,3.099
107,2019,177,1846,20,28.61,71,497.5,21.94,13.06,3.099
107,2019,177,1846,30,28.57,67.73,479.4,21.3,13.07,3.099
107,2019,177,1846,40,28.6,65.72,471.6,21.02,13.06,3.099
107,2019,177,1846,50,28.57,66.8,493.1,21.05,13.06,3.099
107,2019,177,1847,0,28.37,72,559.6,21.78,13.06,3.099
107,2019,177,1847,10,28.2,73.8,567.6,21.95,13.06,3.099
107,2019,177,1847,20,28.13,74.3,545.4,21.97,13.05,3.099
107,2019,177,1847,30,28.13,74,573.1,21.94,13.06,3.099
107,2019,177,1847,40,28.08,72.9,525.6,21.79,13.06,3.099
107,2019,177,1847,50,28.07,71.1,508.9,21.47,13.04,3.099
107,2019,177,1848,0,28.02,68.57,531.5,21.08,13.06,3.099
107,2019,177,1848,10,28,67.72,507.5,20.81,13.04,3.099
107,2019,177,1848,20,28.04,67.26,470.3,20.75,13.06,3.099
107,2019,177,1848,30,28.19,66.24,466.7,20.7,13.04,3.099
107,2019,177,1848,40,28.37,64.66,460.2,20.63,13.06,3.099
107,2019,177,1848,50,28.49,62.64,464.8,20.31,13.04,3.099
107,2019,177,1849,0,28.56,61.71,461.2,20.2,13.06,3.099
107,2019,177,1849,10,28.6,61.31,463.1,20.14,13.04,3.099
107,2019,177,1849,20,28.66,61.12,461.2,20.18,13.06,3.099
107,2019,177,1849,30,28.75,61.17,474.8,20.3,13.04,3.099
107,2019,177,1849,40,28.81,60.42,472.4,20.26,13.06,3.099
107,2019,177,1849,50,28.87,59.39,476.3,20.12,13.05,3.099
107,2019,177,1850,0,28.87,59.09,470.5,20.03,13.03,3.099
107,2019,177,1850,10,28.85,62.19,489.7,20.52,13.05,3.099
107,2019,177,1850,20,28.72,65.51,480.6,21.06,13.04,3.099
107,2019,177,1850,30,28.56,63.31,480.2,20.74,13.06,3.099
107,2019,177,1850,40,28.53,60.22,483.7,20.12,13.04,3.099
107,2019,177,1850,50,28.64,57.79,481.7,19.68,13.06,3.099
107,2019,177,1851,0,28.79,56.64,464,19.58,13.04,3.099
107,2019,177,1851,10,28.87,57.68,465.3,19.77,13.05,3.099
107,2019,177,1851,20,28.8,58.18,456.2,19.85,13.03,3.099
107,2019,177,1851,30,28.69,57.74,442,19.68,13.06,3.099
107,2019,177,1851,40,28.56,57.51,442.5,19.45,13.04,3.099
107,2019,177,1851,50,28.53,57.38,460.5,19.34,13.05,3.099
107,2019,177,1852,0,28.59,58.23,445.8,19.48,13.04,3.099
107,2019,177,1852,10,28.57,61.53,468.2,20.06,13.02,3.099
107,2019,177,1852,20,28.51,62.61,466.9,20.38,13.06,3.099
107,2019,177,1852,30,28.44,62.39,460,20.27,13.03,3.099
107,2019,177,1852,40,28.38,62.47,457.5,20.25,13.05,3.099
107,2019,177,1852,50,28.33,62.56,450.5,20.23,13.03,3.099
107,2019,177,1853,0,28.29,62.32,450.8,20.15,13.05,3.099
107,2019,177,1853,10,28.26,62.17,453.2,20.11,13.03,3.099
107,2019,177,1853,20,28.25,62.29,459.3,20.1,13.06,3.099
107,2019,177,1853,30,28.2,62.84,455.6,20.15,13.04,3.099
107,2019,177,1853,40,28.2,65.01,455.2,20.55,13.04,3.099
107,2019,177,1853,50,28.2,65.51,449.2,20.69,13.03,3.099
107,2019,177,1854,0,28.19,65.78,456.5,20.72,13.05,3.099
107,2019,177,1854,10,28.18,65.54,451.6,20.68,13.05,3.099
107,2019,177,1854,20,28.19,65.57,447.8,20.73,13.02,3.099
107,2019,177,1854,30,28.21,65.17,449.7,20.68,13.05,3.099
107,2019,177,1854,40,28.26,65.94,449.5,20.94,13.03,3.099
107,2019,177,1854,50,28.32,66.17,447.2,21.05,13.05,3.099
107,2019,177,1855,0,28.33,66.18,446.4,21.08,13.04,3.099
107,2019,177,1855,10,28.33,66.72,450.7,21.24,13.05,3.099
107,2019,177,1855,20,28.39,67.97,510.9,21.44,13.02,3.099
107,2019,177,1855,30,28.39,67.22,445.6,21.37,13.05,3.099
107,2019,177,1855,40,28.43,66.08,457.4,21.21,13.02,3.099
107,2019,177,1855,50,28.48,65.38,450.4,21.18,13.04,3.099
107,2019,177,1856,0,28.53,64.74,468.4,21.13,13.02,3.099
107,2019,177,1856,10,28.6,65.18,461.6,21.22,13.01,3.099
107,2019,177,1856,20,28.66,66.93,469.7,21.58,13.04,3.099
107,2019,177,1856,30,28.66,68.13,469.1,21.86,13.02,3.099
107,2019,177,1856,40,28.6,68.84,451.2,21.94,13.04,3.099
107,2019,177,1856,50,28.54,70.7,463.6,22.17,13.02,3.099
107,2019,177,1857,0,28.52,71.5,472.1,22.32,13.04,3.099
107,2019,177,1857,10,28.46,71.8,491.4,22.38,13.02,3.099
107,2019,177,1857,20,28.46,71.6,490.9,22.38,13.04,3.099
107,2019,177,1857,30,28.48,71.4,501.6,22.37,13.03,3.099
107,2019,177,1857,40,28.53,69.93,493,22.26,13.04,3.099
107,2019,177,1857,50,28.5,68.01,491.8,21.96,13.02,3.099
107,2019,177,1858,0,28.46,66.91,532.1,21.67,13.04,3.099
107,2019,177,1858,10,28.46,67.34,499.2,21.65,13.02,3.099
107,2019,177,1858,20,28.42,68.11,497.2,21.74,13.02,3.099
107,2019,177,1858,30,28.39,68.12,490.1,21.72,13.04,3.099
107,2019,177,1858,40,28.34,67.67,486.2,21.61,13.02,3.099
107,2019,177,1858,50,28.27,67.54,492.9,21.54,13.04,3.099
107,2019,177,1859,0,28.17,66.98,530.6,21.37,13.02,3.099
107,2019,177,1859,10,28.06,66.3,529.7,21.06,13.04,3.099
107,2019,177,1859,20,28,66.44,521.1,21.03,13.02,3.099
107,2019,177,1859,30,27.99,64.82,491.3,20.7,13.04,3.099
107,2019,177,1859,40,28.03,63.94,496.1,20.52,13.02,3.099
107,2019,177,1859,50,28.06,63.91,492.9,20.52,13.04,3.099
107,2019,177,1900,0,28.06,63.71,488.8,20.48,13.02,3.099
107,2019,177,1900,10,28.12,62.91,487.1,20.37,13.03,3.099
107,2019,177,1900,20,28.14,62,489.5,20.27,13.02,3.099
107,2019,177,1900,30,28.19,59.87,472.5,19.95,13.01,3.099
107,2019,177,1900,40,28.15,59.18,471.3,19.7,13.04,3.099
107,2019,177,1900,50,28.12,59.08,470.7,19.59,13.02,3.099
107,2019,177,1901,0,28.11,59.34,471.5,19.54,13.04,3.099
107,2019,177,1901,10,28.06,62.58,517.3,20.04,13.02,3.099
107,2019,177,1901,20,27.96,64.52,514,20.4,13.03,3.099
107,2019,177,1901,30,27.88,63.31,497.2,20.1,13.01,3.099
107,2019,177,1901,40,27.79,63.2,487.9,19.98,13.03,3.099
107,2019,177,1901,50,27.72,64.75,497.3,20.16,13.02,3.099
107,2019,177,1902,0,27.78,64.36,480.4,20.21,13.03,3.099
107,2019,177,1902,10,27.84,62.82,479.1,20.04,13.02,3.099
107,2019,177,1902,20,27.98,60.66,491.3,19.8,13.03,3.099
107,2019,177,1902,30,28.16,58.31,492.2,19.54,13.03,3.099
107,2019,177,1902,40,28.33,57.04,480.8,19.41,13.01,3.099
107,2019,177,1902,50,28.44,56.51,465,19.39,13.03,3.099
107,2019,177,1903,0,28.46,55.6,471.4,19.26,13.01,3.099
107,2019,177,1903,10,28.52,54.82,502.6,19.05,13.03,3.099
107,2019,177,1903,20,28.58,54.78,496.8,19.07,13.02,3.099
107,2019,177,1903,30,28.65,54.15,478.9,19.02,13.02,3.099
107,2019,177,1903,40,28.71,53.71,478,18.94,13.01,3.099
107,2019,177,1903,50,28.72,53.5,475.8,18.89,13.02,3.099
107,2019,177,1904,0,28.72,53.48,477.6,18.88,13.02,3.099
107,2019,177,1904,10,28.75,53.56,486.5,18.91,13.03,3.099
107,2019,177,1904,20,28.8,52.83,601,18.78,13.01,3.099
107,2019,177,1904,30,28.92,53.77,553.8,19.04,13.03,3.099
107,2019,177,1904,40,29.04,52.9,484,19.14,13.02,3.099
107,2019,177,1904,50,29.15,51.51,455.4,18.9,13,3.099
107,2019,177,1905,0,29.27,51.37,461.8,18.94,13.01,3.099
107,2019,177,1905,10,29.36,50.96,490.5,18.96,13,3.099
107,2019,177,1905,20,29.43,50.63,505.3,18.94,13.03,3.099
107,2019,177,1905,30,29.46,50.83,492.2,19.02,13,3.099
107,2019,177,1905,40,29.53,50.29,520.5,18.93,13.01,3.099
107,2019,177,1905,50,29.53,49.46,470.8,18.79,13,3.099
107,2019,177,1906,0,29.59,48.42,471.9,18.58,13.02,3.099
107,2019,177,1906,10,29.64,48.53,509.2,18.62,13,3.099
107,2019,177,1906,20,29.7,48.39,479.2,18.66,13.03,3.099
107,2019,177,1906,30,29.76,47.88,481.1,18.6,13,3.099
107,2019,177,1906,40,29.81,47.11,472.2,18.51,13.02,3.099
107,2019,177,1906,50,29.88,46.6,459.2,18.39,13.02,3.099
107,2019,177,1907,0,29.93,46.34,457.9,18.36,13,3.099
107,2019,177,1907,10,29.99,46.23,445.7,18.34,13.01,3.099
107,2019,177,1907,20,30.02,46.98,448.8,18.5,13,3.099
107,2019,177,1907,30,30.06,47.66,445.9,18.78,13.01,3.099
107,2019,177,1907,40,30.11,46.04,440,18.43,13,3.099
107,2019,177,1907,50,30.13,45.49,442,18.32,13.02,3.099
107,2019,177,1908,0,30.18,45.29,447.5,18.26,12.99,3.099
107,2019,177,1908,10,30.19,45.31,447.7,18.23,13.02,3.099
107,2019,177,1908,20,30.19,45.38,467,18.23,13,3.099
107,2019,177,1908,30,30.19,45.85,468.1,18.36,13.01,3.099
107,2019,177,1908,40,30.2,46.38,476,18.46,13,3.099
107,2019,177,1908,50,30.26,48.13,456.6,18.88,13.02,3.099
107,2019,177,1909,0,30.26,48.36,460.2,19.06,13.01,3.099
107,2019,177,1909,10,30.26,46.49,458.6,18.65,13,3.099
107,2019,177,1909,20,30.27,46.27,453.5,18.56,13.01,3.099
107,2019,177,1909,30,30.33,46.21,460.8,18.54,13,3.099
107,2019,177,1909,40,30.33,46.35,480.9,18.55,13.01,3.099
107,2019,177,1909,50,30.33,47.16,481.8,18.73,13,3.099
107,2019,177,1910,0,30.28,47.05,516.8,18.7,13.01,3.099
107,2019,177,1910,10,30.26,47.98,500.5,18.82,13,3.099
107,2019,177,1910,20,30.2,48.82,465.4,18.95,13.01,3.099
107,2019,177,1910,30,30.14,50.62,473.8,19.28,13,3.099
107,2019,177,1910,40,30.11,51.72,471.3,19.54,13.01,3.099
107,2019,177,1910,50,30.06,52.21,459.8,19.63,13,3.099
107,2019,177,1911,0,29.99,52.92,457.6,19.72,12.99,3.099
107,2019,177,1911,10,29.93,53.72,458.5,19.82,13.01,3.099
107,2019,177,1911,20,29.86,54.33,458.3,19.95,13,3.099
107,2019,177,1911,30,29.8,52.18,463.1,19.49,13.01,3.099
107,2019,177,1911,40,29.79,50.93,470.4,19.13,12.99,3.099
107,2019,177,1911,50,29.79,50.94,465.8,19.07,13.01,3.099
107,2019,177,1912,0,29.79,51.3,457.2,19.1,13,3.099
107,2019,177,1912,10,29.79,51.46,456,19.1,13.01,3.099
107,2019,177,1912,20,29.78,51.93,458.1,19.22,13,3.099
107,2019,177,1912,30,29.73,53.87,462.8,19.57,13.01,3.099
107,2019,177,1912,40,29.72,54.94,461.6,19.84,13,3.099
107,2019,177,1912,50,29.68,55.59,463.2,19.94,13.01,3.099
107,2019,177,1913,0,29.64,56.45,464,20.09,12.99,3.099
107,2019,177,1913,10,29.58,57.06,462.8,20.18,12.99,3.099
107,2019,177,1913,20,29.52,57.2,468.6,20.15,13.01,3.099
107,2019,177,1913,30,29.52,57.68,471.3,20.22,12.99,3.099
107,2019,177,1913,40,29.52,57.87,500.2,20.3,13.01,3.099
107,2019,177,1913,50,29.52,58.03,549.1,20.36,12.99,3.099
107,2019,177,1914,0,29.56,57.65,520.7,20.34,13.01,3.099
107,2019,177,1914,10,29.59,57.25,516.6,20.3,12.99,3.099
107,2019,177,1914,20,29.63,57.07,523.2,20.3,13.01,3.099
107,2019,177,1914,30,29.66,56.67,479.2,20.27,12.99,3.099
107,2019,177,1914,40,29.66,56.25,483.6,20.2,13.01,3.099
107,2019,177,1914,50,29.71,56.02,483.2,20.16,12.99,3.099
107,2019,177,1915,0,29.72,54.84,491,19.97,13.01,3.099
107,2019,177,1915,10,29.77,54.43,501.4,19.88,12.99,3.099
107,2019,177,1915,20,29.79,54.23,494.7,19.86,12.98,3.099
107,2019,177,1915,30,29.86,53.83,487.7,19.84,13.01,3.099
107,2019,177,1915,40,29.94,53.03,477.4,19.75,12.99,3.099
107,2019,177,1915,50,30.02,51.91,476.4,19.6,13.01,3.099
107,2019,177,1916,0,30.09,51.84,467.9,19.62,12.99,3.099
107,2019,177,1916,10,30.16,51.86,462.1,19.69,13.01,3.099
107,2019,177,1916,20,30.24,52.05,461.9,19.81,12.99,3.099
107,2019,177,1916,30,30.3,51.82,456.9,19.83,13.01,3.099
107,2019,177,1916,40,30.37,51.65,464.7,19.85,12.99,3.099
107,2019,177,1916,50,30.42,51.93,470.4,19.98,13,3.099
107,2019,177,1917,0,30.45,52.07,474.8,20.02,12.99,3.099
107,2019,177,1917,10,30.42,52.26,467.9,20.05,13,3.099
107,2019,177,1917,20,30.43,52.42,464.1,20.08,13.01,3.099
107,2019,177,1917,30,30.46,52.6,484.5,20.14,12.99,3.099
107,2019,177,1917,40,30.46,53.09,557.5,20.34,13.01,3.099
107,2019,177,1917,50,30.46,53.48,493.6,20.4,12.99,3.099
107,2019,177,1918,0,30.46,53.5,492,20.41,13.01,3.099
107,2019,177,1918,10,30.46,52.6,494.4,20.22,12.99,3.099
107,2019,177,1918,20,30.46,51.98,496.7,20.12,13,3.099
107,2019,177,1918,30,30.53,51.4,488.1,20,12.99,3.099
107,2019,177,1918,40,30.54,49.33,481.1,19.77,13.01,3.099
107,2019,177,1918,50,30.52,44.83,475.2,18.49,12.99,3.099
107,2019,177,1919,0,30.46,47.47,477.1,18.8,13.01,3.099
107,2019,177,1919,10,30.52,50.01,456.2,19.47,12.99,3.099
107,2019,177,1919,20,30.53,50.54,465.9,19.66,13.01,3.099
107,2019,177,1919,30,30.53,50.62,454.7,19.69,13,3.099
107,2019,177,1919,40,30.55,51.02,461.1,19.79,12.99,3.099
107,2019,177,1919,50,30.54,51.46,478.3,19.9,13.01,3.099
107,2019,177,1920,0,30.53,51.46,490.6,19.9,12.99,3.099
107,2019,177,1920,10,30.53,51.53,509.1,19.91,13.01,3.099
107,2019,177,1920,20,30.5,51.63,485.7,19.92,13,3.099
107,2019,177,1920,30,30.46,52.05,482.5,19.94,13.01,3.099
107,2019,177,1920,40,30.43,52.73,493.7,20.11,12.99,3.099
107,2019,177,1920,50,30.39,53.26,563.9,20.23,13,3.099
107,2019,177,1921,0,30.39,52.5,475.9,20.05,12.99,3.099
107,2019,177,1921,10,30.45,52.33,469.9,20.02,13.01,3.099
107,2019,177,1921,20,30.49,52.35,455.7,20.08,12.99,3.099
107,2019,177,1921,30,30.53,52.4,501.9,20.15,13.01,3.099
107,2019,177,1921,40,30.59,52.17,456.8,20.15,13,3.099
107,2019,177,1921,50,30.59,52.08,446,20.13,12.99,3.099
107,2019,177,1922,0,30.59,52.04,448.6,20.1,13.01,3.099
107,2019,177,1922,10,30.59,52.52,487.7,20.22,12.99,3.099
107,2019,177,1922,20,30.6,52.27,460.7,20.22,13.01,3.099
107,2019,177,1922,30,30.65,51.89,467,20.14,12.99,3.099
107,2019,177,1922,40,30.66,52.05,459.2,20.18,13,3.099
107,2019,177,1922,50,30.66,52.21,452,20.22,12.98,3.099
107,2019,177,1923,0,30.66,52.43,464.4,20.28,13,3.099
107,2019,177,1923,10,30.66,52.6,459.8,20.33,12.98,3.099
107,2019,177,1923,20,30.66,52.79,458.3,20.35,13,3.099
107,2019,177,1923,30,30.66,52.85,453,20.37,12.98,3.099
107,2019,177,1923,40,30.66,52.93,453.5,20.38,13,3.099
107,2019,177,1923,50,30.66,52.85,458.8,20.37,12.95,3.099
107,2019,177,1924,0,30.63,52.77,458.5,20.32,12.92,3.099
107,2019,177,1924,10,30.57,53.11,456.1,20.33,12.96,3.099
107,2019,177,1924,20,30.5,53.92,467.7,20.37,12.98,3.099
107,2019,177,1924,30,30.39,54.81,457,20.47,13.01,3.099
107,2019,177,1924,40,30.27,55.38,459.3,20.46,12.98,3.099
107,2019,177,1924,50,30.17,56.41,472.9,20.55,13,3.099
107,2019,177,1925,0,30.02,58.38,581.9,20.8,12.99,3.099
107,2019,177,1925,10,29.84,59.99,610.3,20.99,13,3.099
107,2019,177,1925,20,29.7,59.59,470.3,20.75,12.99,3.099
107,2019,177,1925,30,29.61,60.17,526.2,20.79,13.01,3.099
107,2019,177,1925,40,29.52,59.63,470.5,20.6,12.95,3.099
107,2019,177,1925,50,29.46,59.03,470.1,20.4,12.93,3.099
107,2019,177,1926,0,29.48,57.81,460.2,20.19,12.97,3.099
107,2019,177,1926,10,29.52,57.18,478.4,20.09,12.95,3.099
107,2019,177,1926,20,29.58,56.74,471.8,20.06,12.97,3.099
107,2019,177,1926,30,29.65,55.82,507.7,19.95,12.94,3.099
107,2019,177,1926,40,29.73,55.17,468.6,19.88,12.97,3.099
107,2019,177,1926,50,29.79,55.04,457.1,19.9,12.95,3.099
107,2019,177,1927,0,29.84,55.15,471.3,19.98,12.97,3.099
107,2019,177,1927,10,29.86,54.83,458.8,19.97,12.95,3.099
107,2019,177,1927,20,29.86,54.83,458.5,19.97,12.97,3.099
107,2019,177,1927,30,29.87,54.88,459.2,19.97,12.94,3.099
107,2019,177,1927,40,29.87,55.08,472.8,19.99,12.97,3.099
107,2019,177,1927,50,29.87,55.14,479.1,20.02,12.94,3.099
107,2019,177,1928,0,29.86,55.24,479.2,20.03,12.94,3.099
107,2019,177,1928,10,29.86,55.47,468,20.07,12.97,3.099
107,2019,177,1928,20,29.86,55.67,469.9,20.09,12.94,3.099
107,2019,177,1928,30,29.86,55.88,456.6,20.16,12.97,3.099
107,2019,177,1928,40,29.86,55.94,456,20.18,12.99,3.099
107,2019,177,1928,50,29.86,55.9,455.3,20.17,13,3.099
107,2019,177,1929,0,29.86,55.9,455,20.17,12.99,3.099
107,2019,177,1929,10,29.86,56.11,457.8,20.21,12.99,3.099
107,2019,177,1929,20,29.86,56.37,458.7,20.28,12.98,3.099
107,2019,177,1929,30,29.86,56.46,471.7,20.32,13.01,3.099
107,2019,177,1929,40,29.86,56.4,478,20.34,12.99,3.099
107,2019,177,1929,50,29.92,56.34,468.3,20.36,13.01,3.099
107,2019,177,1930,0,29.92,56.63,521.5,20.45,12.99,3.099
107,2019,177,1930,10,29.92,56.63,498.7,20.49,12.99,3.099
107,2019,177,1930,20,29.92,56.77,468.8,20.53,13,3.099
107,2019,177,1930,30,29.92,56.71,474.3,20.52,12.99,3.099
107,2019,177,1930,40,29.92,56.58,459.3,20.48,13,3.099
107,2019,177,1930,50,29.92,56.41,458.3,20.44,12.99,3.099
107,2019,177,1931,0,29.92,56.42,458.8,20.44,13,3.099
107,2019,177,1931,10,29.92,56.64,461.4,20.45,12.99,3.099
107,2019,177,1931,20,29.86,57.03,464.1,20.52,13,3.099
107,2019,177,1931,30,29.86,57.11,461.1,20.52,12.99,3.099
107,2019,177,1931,40,29.84,57.39,461.4,20.55,13.01,3.099
107,2019,177,1931,50,29.79,57.44,465.4,20.56,12.99,3.099
107,2019,177,1932,0,29.74,56.44,454.9,20.27,13,3.099
107,2019,177,1932,10,29.66,58.19,461,20.52,13,3.099
107,2019,177,1932,20,29.66,58.49,458.3,20.61,12.99,3.099
107,2019,177,1932,30,29.7,58.44,480.4,20.65,12.99,3.099
107,2019,177,1932,40,29.72,58.14,457.4,20.64,12.99,3.099
107,2019,177,1932,50,29.72,58.02,458,20.62,13,3.099
107,2019,177,1933,0,29.72,58.18,550.6,20.65,12.99,3.099
107,2019,177,1933,10,29.72,58.77,518.4,20.86,12.99,3.099
107,2019,177,1933,20,29.72,58.58,459.6,20.76,12.99,3.099
107,2019,177,1933,30,29.72,58.47,462.2,20.72,12.99,3.099
107,2019,177,1933,40,29.72,58.43,462.4,20.71,12.99,3.099
107,2019,177,1933,50,29.72,59.06,464.3,20.83,12.99,3.099
107,2019,177,1934,0,29.68,59.78,465.8,20.96,12.99,3.099
107,2019,177,1934,10,29.62,59.73,460.9,20.89,13.01,3.099
107,2019,177,1934,20,29.58,59.71,462,20.84,12.99,3.099
107,2019,177,1934,30,29.53,60.23,493.4,20.91,12.99,3.099
107,2019,177,1934,40,29.52,60.41,465.4,20.95,12.99,3.099
107,2019,177,1934,50,29.5,60.08,458.8,20.86,12.99,3.099
107,2019,177,1935,0,29.46,60.03,459.5,20.8,13,3.099
107,2019,177,1935,10,29.46,60.09,459.4,20.79,12.99,3.099
107,2019,177,1935,20,29.42,59.83,455.6,20.73,12.99,3.099
107,2019,177,1935,30,29.39,59.63,453.9,20.68,12.98,3.099
107,2019,177,1935,40,29.41,59.78,461.5,20.72,12.99,3.099
107,2019,177,1935,50,29.45,59.59,455.8,20.69,12.99,3.099
107,2019,177,1936,0,29.46,59.34,454.4,20.68,13,3.099
107,2019,177,1936,10,29.46,59.22,454.3,20.67,12.99,3.099
107,2019,177,1936,20,29.46,59.2,454,20.67,13,3.099
107,2019,177,1936,30,29.46,59.13,453.4,20.65,13,3.099
107,2019,177,1936,40,29.46,59.08,453.9,20.64,12.99,3.099
107,2019,177,1936,50,29.46,59.28,456.1,20.68,12.99,3.099
107,2019,177,1937,0,29.46,59.36,456.7,20.67,12.99,3.099
107,2019,177,1937,10,29.42,59.47,457,20.67,12.99,3.099
107,2019,177,1937,20,29.39,59.63,460.1,20.66,12.98,3.099
107,2019,177,1937,30,29.33,59.44,457.4,20.59,13,3.099
107,2019,177,1937,40,29.32,60.04,461.6,20.65,12.98,3.099
107,2019,177,1937,50,29.26,60.46,459.9,20.73,13,3.099
107,2019,177,1938,0,29.25,60.23,457.9,20.66,12.98,3.099
107,2019,177,1938,10,29.23,60.41,459.4,20.66,13,3.099
107,2019,177,1938,20,29.19,60.4,457,20.64,12.99,3.099
107,2019,177,1938,30,29.13,60.78,460.6,20.63,12.99,3.099
107,2019,177,1938,40,29.1,61.97,481.7,20.77,12.99,3.099
107,2019,177,1938,50,28.93,64.92,508.7,21.21,12.98,3.099
107,2019,177,1939,0,28.65,66.96,530.2,21.32,12.99,3.099
107,2019,177,1939,10,28.43,67.86,474.1,21.24,12.98,3.099
107,2019,177,1939,20,28.26,68.62,480.1,21.21,12.99,3.099
107,2019,177,1939,30,28.18,69.17,486.7,21.24,12.97,3.099
107,2019,177,1939,40,28.18,69.23,485.5,21.26,12.98,3.099
107,2019,177,1939,50,28.18,69.08,480.8,21.24,12.97,3.099
107,2019,177,1940,0,28.18,69.31,491.3,21.29,12.99,3.099
107,2019,177,1940,10,28.17,69.54,495.4,21.33,12.97,3.099
107,2019,177,1940,20,28.13,69.68,499.1,21.37,12.98,3.099
107,2019,177,1940,30,28.12,69.73,480.1,21.35,12.97,3.099
107,2019,177,1940,40,28.12,69.4,477.5,21.28,12.96,3.099
107,2019,177,1940,50,28.12,69.61,509.4,21.27,12.98,3.099
107,2019,177,1941,0,28.12,69.8,488.2,21.27,12.97,3.099
107,2019,177,1941,10,28.1,69.57,489.6,21.29,12.98,3.099
107,2019,177,1941,20,28.08,69.45,490.3,21.29,12.97,3.099
107,2019,177,1941,30,28.07,69.44,494.6,21.31,12.99,3.099
107,2019,177,1941,40,28.05,69.63,501,21.33,12.97,3.099
107,2019,177,1941,50,27.98,70.3,501.3,21.38,12.98,3.099
107,2019,177,1942,0,27.86,71.4,513.5,21.42,12.97,3.099
107,2019,177,1942,10,27.7,72.7,507.1,21.44,12.98,3.099
107,2019,177,1942,20,27.57,73.7,502.5,21.44,12.97,3.099
107,2019,177,1942,30,27.51,74.1,510.4,21.45,12.98,3.099
107,2019,177,1942,40,27.45,74.5,498.2,21.46,12.97,3.099
107,2019,177,1942,50,27.39,74.6,493.5,21.42,12.96,3.099
107,2019,177,1943,0,27.31,74.8,494.9,21.36,12.98,3.099
107,2019,177,1943,10,27.23,75.1,503.9,21.35,12.97,3.099
107,2019,177,1943,20,27.16,75.4,473.9,21.32,12.97,3.099
107,2019,177,1943,30,27.1,75.8,473.6,21.33,12.97,3.099
107,2019,177,1943,40,27.05,76.1,481.3,21.31,12.98,3.099
107,2019,177,1943,50,27,76.1,476.2,21.31,12.97,3.099
107,2019,177,1944,0,27.01,75.8,476.4,21.26,12.98,3.099
107,2019,177,1944,10,27.05,75.9,481.2,21.32,12.97,3.099
107,2019,177,1944,20,27.05,76,491.6,21.38,12.97,3.099
107,2019,177,1944,30,27.05,76.6,506.9,21.52,12.97,3.099
107,2019,177,1944,40,27.05,77.1,517.6,21.61,12.98,3.099
107,2019,177,1944,50,27,77.4,514.5,21.58,12.96,3.099
107,2019,177,1945,0,26.97,77.5,501.4,21.58,12.96,3.099
107,2019,177,1945,10,26.91,76.8,484.2,21.39,12.98,3.099
107,2019,177,1945,20,26.91,76.1,480.7,21.28,12.97,3.099
107,2019,177,1945,30,26.95,76.3,488.1,21.35,12.95,3.099
107,2019,177,1945,40,26.98,76.4,492.9,21.41,12.94,3.099
107,2019,177,1945,50,27.03,76.3,531.5,21.46,12.97,3.099
107,2019,177,1946,0,27.05,75.9,550.2,21.54,12.95,3.099
107,2019,177,1946,10,27.09,75.7,543.6,21.48,12.97,3.099
107,2019,177,1946,20,27.11,75.3,505.2,21.39,12.95,3.099
107,2019,177,1946,30,27.12,75.2,495.5,21.41,12.97,3.099
107,2019,177,1946,40,27.18,75.9,497.2,21.63,12.96,3.099
107,2019,177,1946,50,27.24,76.7,485.8,21.85,12.96,3.099
107,2019,177,1947,0,27.25,77,469.3,21.97,12.96,3.099
107,2019,177,1947,10,27.25,77.6,491.2,22.1,12.94,3.099
107,2019,177,1947,20,27.21,78.2,507.4,22.18,12.96,3.099
107,2019,177,1947,30,27.15,78.6,516.3,22.18,12.95,3.099
107,2019,177,1947,40,27.05,79.2,522.3,22.2,12.96,3.099
107,2019,177,1947,50,26.93,79.9,539.2,22.21,12.96,3.099
107,2019,177,1948,0,26.81,80.8,560.3,22.24,12.97,3.099
107,2019,177,1948,10,26.66,81.7,570.8,22.23,12.96,3.099
107,2019,177,1948,20,26.49,82.2,647.3,22.11,12.97,3.099
107,2019,177,1948,30,26.34,83.3,591.8,22.11,12.96,3.099
107,2019,177,1948,40,26.22,84.1,626.6,22.09,12.97,3.099
107,2019,177,1948,50,26.11,84.5,627.7,22.04,12.96,3.099
107,2019,177,1949,0,26.01,85.2,578.5,22.02,12.97,3.099
107,2019,177,1949,10,25.91,86.1,558,22.03,12.97,3.099
107,2019,177,1949,20,25.84,86.7,609.7,22.02,12.96,3.099
107,2019,177,1949,30,25.78,87.2,711,22.06,12.97,3.099
107,2019,177,1949,40,25.73,87.2,624.7,21.99,12.96,3.099
107,2019,177,1949,50,25.68,87.7,678.3,22.02,12.97,3.099
107,2019,177,1950,0,25.59,88.1,608,22.01,12.96,3.099
107,2019,177,1950,10,25.51,87.9,554.5,21.82,12.97,3.099
107,2019,177,1950,20,25.45,87.5,521,21.65,12.96,3.099
107,2019,177,1950,30,25.44,87.4,520,21.6,12.97,3.099
107,2019,177,1950,40,25.41,87.3,516.6,21.56,12.96,3.099
107,2019,177,1950,50,25.37,86.9,538.6,21.52,12.96,3.099
107,2019,177,1951,0,25.37,87.3,545.2,21.61,12.96,3.099
107,2019,177,1951,10,25.4,87.1,543.1,21.52,12.97,3.099
107,2019,177,1951,20,25.47,85.9,540.6,21.41,12.97,3.099
107,2019,177,1951,30,25.59,84.6,530.6,21.41,12.95,3.099
107,2019,177,1951,40,25.71,83.5,515.6,21.39,12.97,3.099
107,2019,177,1951,50,25.85,82.4,523.4,21.4,12.96,3.099
107,2019,177,1952,0,26,81.1,504.9,21.41,12.97,3.099
107,2019,177,1952,10,26.14,79.8,496.1,21.39,12.95,3.099
107,2019,177,1952,20,26.29,78.7,493.7,21.4,12.96,3.099
107,2019,177,1952,30,26.44,77.7,498.3,21.43,12.95,3.099
107,2019,177,1952,40,26.55,77.1,524.1,21.48,12.97,3.099
107,2019,177,1952,50,26.65,76.2,494.9,21.45,12.95,3.099
107,2019,177,1953,0,26.74,75.5,499,21.43,12.96,3.099
107,2019,177,1953,10,26.83,74.9,503.5,21.45,12.95,3.099
107,2019,177,1953,20,26.92,74.2,488.7,21.47,12.97,3.099
107,2019,177,1953,30,27.01,71.8,472.8,21.22,12.96,3.099
107,2019,177,1953,40,27.11,69.95,466.7,21.05,12.95,3.099
107,2019,177,1953,50,27.2,68.11,473.2,20.76,12.96,3.099
107,2019,177,1954,0,27.28,67.18,468.2,20.67,12.95,3.099
107,2019,177,1954,10,27.35,66.71,466,20.62,12.96,3.099
107,2019,177,1954,20,27.39,66.42,466.7,20.58,12.95,3.099
107,2019,177,1954,30,27.45,67.12,472.1,20.72,12.96,3.099
107,2019,177,1954,40,27.42,67.09,470.9,20.76,12.95,3.099
107,2019,177,1954,50,27.41,65.27,459.6,20.4,12.96,3.099
107,2019,177,1955,0,27.45,65.42,467.6,20.4,12.96,3.099
107,2019,177,1955,10,27.45,65.41,469.1,20.43,12.97,3.099
107,2019,177,1955,20,27.5,64.98,471.4,20.37,12.94,3.099
107,2019,177,1955,30,27.51,64.95,472.8,20.38,12.94,3.099
107,2019,177,1955,40,27.53,64.61,466.2,20.34,12.96,3.099
107,2019,177,1955,50,27.58,64.7,478.8,20.34,12.95,3.099
107,2019,177,1956,0,27.58,65.27,473,20.49,12.96,3.099
107,2019,177,1956,10,27.58,64.65,465.5,20.37,12.94,3.099
107,2019,177,1956,20,27.58,64.92,472.2,20.37,12.96,3.099
107,2019,177,1956,30,27.56,66.05,469,20.57,12.94,3.099
107,2019,177,1956,40,27.51,66.92,475.8,20.68,12.96,3.099
107,2019,177,1956,50,27.43,67.32,476,20.68,12.94,3.099
107,2019,177,1957,0,27.35,68.09,477.4,20.7,12.96,3.099
107,2019,177,1957,10,27.25,68.03,469.2,20.59,12.95,3.099
107,2019,177,1957,20,27.19,68.19,467.3,20.55,12.96,3.099
107,2019,177,1957,30,27.18,67.77,463.3,20.48,12.94,3.099
107,2019,177,1957,40,27.18,67.19,464.5,20.38,12.94,3.099
107,2019,177,1957,50,27.23,66.77,462.9,20.31,12.95,3.099
107,2019,177,1958,0,27.25,66.51,462.2,20.28,12.94,3.099
107,2019,177,1958,10,27.31,66.22,463,20.29,12.95,3.099
107,2019,177,1958,20,27.37,65.57,462.2,20.22,12.95,3.099
107,2019,177,1958,30,27.43,65.46,472.1,20.27,12.95,3.099
107,2019,177,1958,40,27.46,65.53,476.7,20.29,12.95,3.099
107,2019,177,1958,50,27.51,65.61,486.2,20.35,12.95,3.099
107,2019,177,1959,0,27.51,65.52,478.9,20.32,12.95,3.099
107,2019,177,1959,10,27.51,65.44,475.4,20.32,12.95,3.099
107,2019,177,1959,20,27.51,65.46,479.5,20.31,12.95,3.099
107,2019,177,1959,30,27.51,65.49,476.1,20.29,12.95,3.099
107,2019,177,1959,40,27.51,65.43,471.4,20.26,12.94,3.099
107,2019,177,1959,50,27.52,65.34,469.6,20.23,12.94,3.099
107,2019,177,2002,40,27.58,65.8,747,16.11,12.84,3.1
107,2019,177,2002,50,27.58,66.2,601.6,19.14,12.76,3.1
107,2019,177,2003,0,27.58,66.32,496.8,20.33,12.75,3.1
107,2019,177,2003,10,27.58,66.52,489,20.7,12.79,3.1
107,2019,177,2003,20,27.58,66.58,481.4,20.86,12.82,3.1
107,2019,177,2003,30,27.58,66.59,475.4,20.91,12.88,3.1
107,2019,177,2004,50,27.51,66.63,598.7,18.27,12.92,3.099
107,2019,177,2005,0,27.51,66.56,495.5,20.25,12.88,3.099
107,2019,177,2005,10,27.5,66.68,483.1,20.45,12.89,3.099
107,2019,177,2005,20,27.46,66.85,481.5,20.6,12.88,3.099
107,2019,177,2005,30,27.45,66.84,479.3,20.64,12.91,3.099
107,2019,177,2005,40,27.45,67.01,480.3,20.66,12.89,3.099