107,2019,177,2005,50,27.45,67.08,478.9,20.64,12.92,3.099
107,2019,177,2006,0,27.45,67.07,478.8,20.59,12.93,3.099
107,2019,177,2006,10,27.45,67.17,485.7,20.58,12.91,3.099
107,2019,177,2006,20,27.45,67.26,488.9,20.56,12.92,3.099
107,2019,177,2006,30,27.45,67.24,485.1,20.52,12.91,3.099
107,2019,177,2006,40,27.45,66.74,477.7,20.38,12.92,3.099
107,2019,177,2006,50,27.45,66.53,479.1,20.35,12.9,3.099
107,2019,177,2007,0,27.45,66.77,481.2,20.4,12.92,3.099
107,2019,177,2007,10,27.45,66.92,481.3,20.4,12.91,3.099
107,2019,177,2007,20,27.45,67.14,485,20.46,12.92,3.099
107,2019,177,2007,30,27.45,67.27,487.7,20.48,12.9,3.099
107,2019,177,2007,40,27.45,67.2,485.1,20.45,12.92,3.099
107,2019,177,2007,50,27.44,67,482.4,20.39,12.91,3.099
107,2019,177,2008,0,27.43,66.77,480.9,20.36,12.92,3.099
107,2019,177,2008,10,27.42,66.76,484.4,20.35,12.91,3.099
107,2019,177,2008,20,27.45,67.06,486.6,20.41,12.9,3.099
107,2019,177,2008,30,27.43,67.18,491.7,20.42,12.92,3.099
107,2019,177,2008,40,27.43,67.33,489.4,20.46,12.9,3.099
107,2019,177,2008,50,27.4,67.3,486.3,20.44,12.92,3.099
107,2019,177,2009,0,27.38,67.43,485.9,20.47,12.9,3.099
107,2019,177,2009,10,27.38,67.49,486,20.47,12.91,3.099
107,2019,177,2009,20,27.38,67.48,481.9,20.44,12.9,3.099
107,2019,177,2009,30,27.38,67.28,485.3,20.41,12.91,3.099
107,2019,177,2009,40,27.38,67.46,483.4,20.44,12.9,3.099
107,2019,177,2009,50,27.38,67.59,483.6,20.45,12.92,3.099
107,2019,177,2010,0,27.38,67.64,485.3,20.46,12.91,3.099
107,2019,177,2010,10,27.38,67.74,483.7,20.46,12.93,3.099
107,2019,177,2010,20,27.38,67.55,480.2,20.41,12.91,3.099
107,2019,177,2025,40,27.05,67.64,821,15.62,13.58,3.101
107,2019,177,2025,50,27.05,67.58,557.7,19.27,13.45,3.101
107,2019,177,2026,0,27.05,67.56,511.3,19.82,13.35,3.101
107,2019,177,2026,10,27.05,67.32,515,19.88,13.24,3.101
107,2019,177,2026,20,27.04,67.15,544.8,19.9,13.14,3.101
107,2019,177,2026,30.13,27.04,67.11,531.4,19.91,13.07,3.101
107,2019,177,2026,40,27.05,67.09,514.2,19.92,12.99,3.101
107,2019,177,2026,50,27.03,67.02,509,19.92,12.93,3.101
107,2019,177,2027,0,27.03,66.91,505.1,19.88,12.89,3.101
107,2019,177,2027,10.13,27.03,66.98,534.6,19.92,12.87,3.101
107,2019,177,2027,20,27.04,66.92,504.1,19.87,12.85,3.101
107,2019,177,2027,30,27.05,66.84,511.3,19.87,12.84,3.101
107,2019,177,2027,40,27.05,66.79,504.2,19.89,12.83,3.101
107,2019,177,2027,50,27.05,66.7,512.3,19.77,12.86,3.101
107,2019,177,2028,0,27.05,66.42,486.4,20.06,12.89,3.101
107,2019,177,2028,10,27.05,66.16,478.4,20.17,12.92,3.101
107,2019,177,2028,20,27.05,65.75,470.1,20.12,12.96,3.101
107,2019,177,2028,30,27.05,65.24,468.8,20,12.96,3.101
107,2019,177,2028,40,27.05,64.8,468.2,19.84,12.99,3.101
107,2019,177,2028,50,27.05,64.42,467.6,19.65,13,3.101
107,2019,177,2029,0,27.05,64.32,475.6,19.56,13.01,3.101
107,2019,177,2029,10,27.05,64.49,478.6,19.54,13,3.101
107,2019,177,2029,20,27.05,64.49,482.4,19.51,13,3.101
107,2019,177,2029,30,27.05,64.49,481.5,19.43,12.99,3.101
107,2019,177,2029,40,27.07,64.15,472.9,19.35,13,3.101
107,2019,177,2029,50.13,27.08,63.6,525.6,19.22,12.98,3.101
107,2019,177,2030,0,27.11,63.49,474.1,19.22,13,3.101
107,2019,177,2030,10,27.11,62.79,467.5,19.17,12.98,3.101
107,2019,177,2030,20,27.17,62.23,473.5,19.08,12.98,3.101
107,2019,177,2030,30,27.21,62.51,478.2,19.19,12.99,3.101
107,2019,177,2030,40,27.25,63.19,479.6,19.42,12.97,3.101
107,2019,177,2030,50,27.31,62.83,481.4,19.36,12.99,3.101
107,2019,177,2031,0,27.31,63.39,483.8,19.53,12.98,3.101
107,2019,177,2031,10.13,27.31,61.37,471.6,19.22,12.99,3.101
107,2019,177,2031,20,27.38,60.05,468.4,18.94,12.97,3.101
107,2019,177,2031,30,27.38,59.89,469.1,18.88,12.97,3.101
107,2019,177,2031,40,27.38,59.87,469.3,18.85,12.97,3.101
107,2019,177,2031,50,27.41,60.18,471.7,18.88,12.97,3.101
107,2019,177,2032,0,27.45,61.51,482.5,19.2,12.97,3.101
107,2019,177,2032,10,27.45,61.57,481.4,19.16,12.97,3.101
107,2019,177,2032,20,27.41,61.76,476.1,19.29,12.97,3.101
107,2019,177,2032,30.13,27.38,60.54,471.3,18.99,12.97,3.101
107,2019,177,2032,40,27.44,60.73,475.6,19.02,12.97,3.101
107,2019,177,2032,50,27.45,60.89,475.1,19.04,12.97,3.101
107,2019,177,2033,0,27.45,61.58,477.2,19.21,12.98,3.101
107,2019,177,2033,10,27.45,61.77,476.6,19.28,12.96,3.101
107,2019,177,2033,20,27.45,61.14,473.5,19.17,12.97,3.101
107,2019,177,2033,30,27.49,60.67,471.7,19.09,12.96,3.101
107,2019,177,2033,40,27.52,60.09,470.9,19.01,12.97,3.101
107,2019,177,2033,50,27.52,60.55,475.3,19.01,12.97,3.101
107,2019,177,2034,0,27.52,62.47,484.4,19.4,12.97,3.101
107,2019,177,2034,10,27.45,64.18,490.8,19.68,12.96,3.101
107,2019,177,2034,20,27.38,64.45,484.9,19.71,12.97,3.101
107,2019,177,2034,30,27.31,64.53,484.2,19.65,12.96,3.101
107,2019,177,2034,40,27.22,65.84,496.5,19.81,12.95,3.101
107,2019,177,2034,50,27.12,66.74,491.6,19.88,12.97,3.101
107,2019,177,2035,0,27.01,67.75,515.4,19.99,12.96,3.101
107,2019,177,2035,10.13,26.87,67.28,482.6,19.79,12.96,3.101
107,2019,177,2035,20,26.78,66.83,477.4,19.56,12.95,3.101
107,2019,177,2035,30,26.71,66.68,474.8,19.48,12.97,3.101
107,2019,177,2035,40,26.71,66.48,478.2,19.41,12.95,3.101
107,2019,177,2035,50.13,26.71,66.32,478,19.39,12.97,3.101
107,2019,177,2036,0,26.72,67.75,503.3,19.67,12.95,3.101
107,2019,177,2036,10,26.71,69.21,501,19.98,12.97,3.101
107,2019,177,2036,20,26.69,69.61,499.7,20,12.95,3.101
107,2019,177,2036,30,26.63,68.59,487.4,19.79,12.97,3.101
107,2019,177,2036,40,26.58,66.72,474.8,19.4,12.95,3.101
107,2019,177,2036,50,26.61,65.63,471.1,19.2,12.95,3.101
107,2019,177,2037,0,26.65,64.47,468.9,19.01,12.96,3.101
107,2019,177,2037,10,26.7,64.01,469.5,18.96,12.95,3.101
107,2019,177,2037,20,26.71,64.55,476.1,19.04,12.96,3.101
107,2019,177,2037,30,26.71,65.48,499,19.25,12.96,3.101
107,2019,177,2037,40,26.67,65.94,502.7,19.26,12.96,3.101
107,2019,177,2037,50,26.62,67.38,512.8,19.56,12.95,3.101
107,2019,177,2038,0,26.54,66.5,487.5,19.26,12.96,3.101
107,2019,177,2038,10,26.51,66.31,488,19.15,12.95,3.101
107,2019,177,2038,20,26.45,66.98,496,19.21,12.96,3.101
107,2019,177,2038,30,26.39,66.59,482.1,19.14,12.96,3.101
107,2019,177,2038,40,26.39,65.33,472.5,18.87,12.96,3.101
107,2019,177,2038,50,26.44,64.83,472.5,18.83,12.96,3.101
107,2019,177,2039,0,26.49,66.48,573,19.12,12.95,3.101
107,2019,177,2039,10,26.51,65.43,479.2,19.05,12.96,3.101
107,2019,177,2039,20,26.51,63.7,469,18.69,12.94,3.101
107,2019,177,2039,30,26.57,63.67,487.6,18.68,12.97,3.101
107,2019,177,2039,40,26.63,66.14,500.1,19.16,12.96,3.101
107,2019,177,2039,50,26.62,70.4,509.5,19.92,12.97,3.101
107,2019,177,2040,0,26.56,72.2,507.8,20.25,12.96,3.101
107,2019,177,2040,10,26.45,73,503,20.34,12.97,3.101
107,2019,177,2040,20,26.31,74,503,20.35,12.96,3.101
107,2019,177,2040,30,26.19,76.2,503.7,20.57,12.96,3.101
107,2019,177,2040,40,26.09,76.9,497.8,20.69,12.96,3.101
107,2019,177,2040,50,26.04,75.9,499.2,20.5,12.96,3.101
107,2019,177,2041,0,26.04,77.4,504.5,20.72,12.96,3.101
107,2019,177,2041,10.13,25.96,79.4,509.1,20.99,12.96,3.101
107,2019,177,2041,20,25.66,82.1,513.1,21.19,12.96,3.101
107,2019,177,2041,30,25.19,84.8,518.8,21.25,12.95,3.101
107,2019,177,2041,40,25.04,86.4,532.1,21.24,12.97,3.101
107,2019,177,2041,50.13,25.14,86.6,529,21.28,12.95,3.101
107,2019,177,2042,0,25.24,86.3,526.2,21.33,12.97,3.101
107,2019,177,2042,10,25.31,86.3,527.8,21.38,12.96,3.101
107,2019,177,2042,20,25.33,86.2,524.4,21.4,12.96,3.101
107,2019,177,2042,30,25.37,86.1,510.2,21.4,12.95,3.101
107,2019,177,2042,40,25.4,86,487,21.45,12.96,3.101
107,2019,177,2042,50,25.44,85.4,476.6,21.43,12.96,3.101
107,2019,177,2043,0,25.44,84.8,478.7,21.35,12.97,3.101
107,2019,177,2043,10,25.44,84.6,478,21.36,12.96,3.101
107,2019,177,2043,20,25.44,84.8,477.2,21.42,12.95,3.101
107,2019,177,2043,30,25.44,85.3,480.2,21.5,12.96,3.101
107,2019,177,2043,40,25.4,85.9,495.9,21.58,12.96,3.101
107,2019,177,2043,50,25.24,87,481.8,21.6,12.96,3.101
107,2019,177,2044,0,25.12,87,482.5,21.52,12.95,3.101
107,2019,177,2044,10,25.11,85.7,484,21.36,12.96,3.101
107,2019,177,2044,20,25.11,81.8,504.7,20.83,12.95,3.101
107,2019,177,2044,30.13,25.17,77.7,541.2,20.23,12.96,3.101
107,2019,177,2044,40,25.2,76.1,538.7,19.96,12.96,3.101
107,2019,177,2044,50,25.24,77.3,534.1,20.1,12.96,3.101
107,2019,177,2045,0,25.21,79.3,546.3,20.33,12.96,3.101
107,2019,177,2045,10,25.13,81.4,547.7,20.58,12.95,3.101
107,2019,177,2045,20,25.06,82.7,539.8,20.75,12.96,3.101
107,2019,177,2045,30,24.98,83.7,536.1,20.83,12.94,3.101
107,2019,177,2045,40,24.97,84.1,523.7,20.87,12.96,3.101
107,2019,177,2045,50.13,24.97,84.4,563.3,20.92,12.94,3.101
107,2019,177,2046,0,24.97,83.8,599.7,20.86,12.96,3.101
107,2019,177,2046,10,24.97,83.1,547.2,20.75,12.95,3.101
107,2019,177,2046,20,24.97,83.2,551.5,20.76,12.96,3.101
107,2019,177,2046,30,24.97,82.3,537.1,20.65,12.94,3.101
107,2019,177,2046,40,24.97,75.6,532.6,19.94,12.96,3.101
107,2019,177,2046,50,25.07,68.16,515.6,18.72,12.94,3.101
107,2019,177,2047,0,25.22,66.08,525,18.33,12.95,3.101
107,2019,177,2047,10.13,25.33,67.52,560.6,18.61,12.95,3.101
107,2019,177,2047,20,25.37,67.55,549.6,18.64,12.94,3.101
107,2019,177,2047,30,25.37,67.86,558.1,18.69,12.95,3.101
107,2019,177,2047,40,25.37,67.85,570.3,18.62,12.94,3.101
107,2019,177,2047,50,25.26,68,611.4,18.57,12.95,3.101
107,2019,177,2048,0,25.12,68.32,575.6,18.43,12.94,3.101
107,2019,177,2048,10,25.02,67.98,535.4,18.19,12.95,3.101
107,2019,177,2048,20,24.97,67.21,523.3,18,12.94,3.101
107,2019,177,2048,30,25.03,66.37,511.3,17.82,12.95,3.101
107,2019,177,2048,40,25.1,71.1,577.2,18.7,12.95,3.101
107,2019,177,2048,50,25.16,74.9,598.9,19.44,12.95,3.101
107,2019,177,2049,0,25.11,76.6,577.9,19.72,12.94,3.101
107,2019,177,2049,10,25.08,77.8,573.1,19.88,12.94,3.101
107,2019,177,2049,20,25.04,78.6,564.2,19.99,12.93,3.101
107,2019,177,2049,30,24.98,78.9,574.6,20.03,12.93,3.101
107,2019,177,2049,40,24.97,79.1,592.6,20.06,12.94,3.101
107,2019,177,2049,50.13,24.97,79.3,573.5,20.12,12.93,3.101
107,2019,177,2050,0,24.97,79.4,569.7,20.16,12.95,3.101
107,2019,177,2050,10,24.97,79.2,570.8,20.13,12.94,3.101
107,2019,177,2050,20,24.97,79.1,579.3,20.11,12.94,3.101
107,2019,177,2050,30.13,24.97,79.1,579.5,20.15,12.94,3.101
107,2019,177,2050,40,24.97,78.9,566.7,20.15,12.95,3.101
107,2019,177,2050,50,24.99,78.7,555.6,20.16,12.93,3.101
107,2019,177,2051,0,25.03,77.8,552,20.04,12.95,3.101
107,2019,177,2051,10,25.04,77.4,560.4,19.99,12.93,3.101
107,2019,177,2051,20,25.04,77.3,548.7,19.98,12.94,3.101
107,2019,177,2051,30,25.04,76.4,548.4,19.87,12.93,3.101
107,2019,177,2051,40,25.08,75.6,558,19.76,12.93,3.101
107,2019,177,2051,50,25.13,74.9,548.4,19.71,12.94,3.101
107,2019,177,2052,0,25.17,73.6,529,19.57,12.94,3.101
107,2019,177,2052,10,25.17,71.6,529.9,19.3,12.94,3.101
107,2019,177,2052,20,25.17,68.88,534.2,18.85,12.93,3.101
107,2019,177,2052,30,25.17,67.49,534,18.52,12.95,3.101
107,2019,177,2052,40,25.15,66.63,562.3,18.29,12.93,3.101
107,2019,177,2052,50,25.09,66.39,558.3,18.19,12.94,3.101
107,2019,177,2053,0,25.01,66.91,586.4,18.16,12.94,3.101
107,2019,177,2053,10,24.9,67.99,585,18.19,12.94,3.101
107,2019,177,2053,20,24.82,67.88,542.2,18.03,12.93,3.101
107,2019,177,2053,30,24.77,66.75,523.8,17.76,12.94,3.101
107,2019,177,2053,40,24.76,66.83,551.7,17.76,12.93,3.101
107,2019,177,2053,50,24.67,67.62,572.9,17.84,12.94,3.101
107,2019,177,2054,0,24.54,68.94,583.6,17.89,12.94,3.101
107,2019,177,2054,10,24.43,70.4,577.7,17.99,12.93,3.101
107,2019,177,2054,20,24.34,71.7,593.8,18.1,12.94,3.101
107,2019,177,2054,30,24.25,73,611.7,18.24,12.93,3.101
107,2019,177,2054,40,24.18,73.7,608.8,18.28,12.94,3.101
107,2019,177,2054,50,24.11,73.4,581.2,18.15,12.93,3.101
107,2019,177,2055,0,24.03,72.8,591.7,18.02,12.94,3.101
107,2019,177,2055,10,23.97,71.7,547.5,17.76,12.93,3.101
107,2019,177,2055,20,24.01,70.4,526.6,17.59,12.94,3.101
107,2019,177,2055,30,24.1,68.5,515,17.34,12.93,3.101
107,2019,177,2055,40,24.21,68.04,523.1,17.36,12.94,3.101
107,2019,177,2055,50.13,24.28,69.45,572.9,17.65,12.94,3.101
107,2019,177,2056,0,24.19,70.9,579.6,17.83,12.92,3.101
107,2019,177,2056,10,24.05,71.9,567.3,17.89,12.93,3.101
107,2019,177,2056,20,23.94,71.6,560.8,17.7,12.92,3.101
107,2019,177,2056,30.13,23.87,72.1,555.6,17.7,12.93,3.101
107,2019,177,2056,40,23.83,72.3,559.6,17.69,12.92,3.101
107,2019,177,2056,50,23.79,71.7,535,17.57,12.94,3.101
107,2019,177,2057,0,23.69,72.6,555.6,17.61,12.93,3.101
107,2019,177,2057,10,23.59,73.7,563.7,17.71,12.94,3.101
107,2019,177,2057,20,23.61,72.7,538.3,17.54,12.93,3.101
107,2019,177,2057,30,23.69,71.6,537,17.46,12.94,3.101
107,2019,177,2057,40,23.75,71.1,540.1,17.47,12.92,3.101
107,2019,177,2057,50,23.72,70.9,521.2,17.44,12.93,3.101
107,2019,177,2058,0,23.65,70.5,510.8,17.32,12.93,3.101
107,2019,177,2058,10,23.65,70.3,523.4,17.24,12.92,3.101
107,2019,177,2058,20,23.72,70.4,515.4,17.25,12.94,3.101
107,2019,177,2058,30,23.82,70.6,531.7,17.39,12.92,3.101
107,2019,177,2058,40,23.88,71.5,560.6,17.66,12.92,3.101
107,2019,177,2058,50,23.93,72.8,564.6,17.91,12.92,3.101
107,2019,177,2059,0,24.02,74.5,536.7,18.26,12.94,3.101
107,2019,177,2059,10.13,24.13,76,532.3,18.59,12.92,3.101
107,2019,177,2059,20,24.17,77.4,536.2,18.91,12.92,3.101
107,2019,177,2059,30,24.23,77.9,560.2,19.17,12.92,3.101
107,2019,177,2059,40,24.24,71.1,497.2,18.35,12.92,3.101
107,2019,177,2059,50,24.34,71.7,519.6,18.23,12.92,3.101
107,2019,177,2100,0,24.42,74.2,525.5,18.73,12.93,3.101
107,2019,177,2100,10,24.43,76.7,531.8,19.11,12.93,3.101
107,2019,177,2100,20,24.37,78.2,537.4,19.37,12.92,3.101
107,2019,177,2100,30.13,24.31,78.4,530.2,19.38,12.92,3.101
107,2019,177,2100,40,24.29,78.7,534,19.45,12.92,3.101
107,2019,177,2100,50,24.24,77,526.5,19.21,12.93,3.101
107,2019,177,2101,0,24.24,75.9,525.6,19.05,12.91,3.101
107,2019,177,2101,10,24.24,75.8,532.9,18.99,12.92,3.101
107,2019,177,2101,20,24.22,77.2,539,19.2,12.91,3.101
107,2019,177,2101,30,24.16,78.2,541.3,19.29,12.92,3.101
107,2019,177,2101,40,24.1,78.8,530.3,19.34,12.91,3.101
107,2019,177,2101,50.13,24.06,79.7,541.5,19.43,12.93,3.101
107,2019,177,2102,0,24.03,80.6,545.6,19.55,12.91,3.101
107,2019,177,2102,10,24.03,81.1,542.9,19.59,12.91,3.101
107,2019,177,2102,20,23.98,81.3,539.7,19.62,12.92,3.101
107,2019,177,2102,30,23.97,81,530.1,19.6,12.92,3.101
107,2019,177,2102,40,23.93,80.4,528.1,19.47,12.92,3.101
107,2019,177,2102,50,23.9,80.3,534.2,19.41,12.92,3.101
107,2019,177,2103,0,23.9,80.2,534.1,19.38,12.92,3.101
107,2019,177,2103,10,23.91,80.3,521.1,19.39,12.91,3.101
107,2019,177,2103,20,23.98,80.2,511.3,19.44,12.92,3.101
107,2019,177,2103,30,24.07,80.3,516.1,19.55,12.92,3.101
107,2019,177,2103,40,24.15,80.6,520.3,19.7,12.92,3.101
107,2019,177,2103,50,24.18,80.1,518,19.73,12.9,3.101
107,2019,177,2104,0,24.24,79.7,513.9,19.7,12.92,3.101
107,2019,177,2104,10,24.24,79.9,512.5,19.75,12.9,3.101
107,2019,177,2104,20,24.22,80.5,508.9,19.83,12.9,3.101
107,2019,177,2104,30.13,24.17,81.5,516,19.92,12.92,3.101
107,2019,177,2104,40,24.12,82.6,511,20.04,12.91,3.101
107,2019,177,2104,50,24.09,83,503.7,20.06,12.91,3.101
107,2019,177,2105,0,24.03,83.4,508.2,20.07,12.91,3.101
107,2019,177,2105,10.13,24.03,84.2,515.6,20.2,12.92,3.101
107,2019,177,2105,20,24.06,85,511.8,20.31,12.92,3.101
107,2019,177,2105,30,24.1,84.7,512.7,20.33,12.92,3.101
107,2019,177,2105,40,24.13,84.2,509.7,20.34,12.9,3.101
107,2019,177,2105,50,24.17,83.9,505.5,20.33,12.92,3.101
107,2019,177,2106,0,24.17,83.7,505.5,20.31,12.9,3.101
107,2019,177,2106,10,24.17,82.4,507.5,20.19,12.92,3.101
107,2019,177,2106,20,24.1,79,502.9,19.71,12.9,3.101
107,2019,177,2106,30,24.11,76.7,498.6,19.35,12.9,3.101
107,2019,177,2106,40,24.17,76.1,508.9,19.22,12.91,3.101
107,2019,177,2106,50,24.17,75.5,501.9,19.13,12.9,3.101
107,2019,177,2107,0,24.18,75,508.2,19.06,12.91,3.101
107,2019,177,2107,10,24.17,73.2,501.4,18.8,12.9,3.101
107,2019,177,2107,20,24.17,72.2,498.9,18.6,12.92,3.101
107,2019,177,2107,30,24.22,72.8,524,18.58,12.9,3.101
107,2019,177,2107,40,24.22,72.6,504.2,18.66,12.91,3.101
107,2019,177,2107,50,24.23,71.2,493,18.32,12.9,3.101
107,2019,177,2108,0,24.29,71.9,499.6,18.47,12.92,3.101
107,2019,177,2108,10,24.39,73.3,502.4,18.7,12.9,3.101
107,2019,177,2108,20,24.48,76.5,526.2,19.24,12.9,3.101
107,2019,177,2108,30,24.52,78,529.1,19.63,12.91,3.101
107,2019,177,2108,40,24.5,78.9,516.4,19.8,12.9,3.101
107,2019,177,2108,50,24.5,79.7,506.3,19.93,12.91,3.101
107,2019,177,2109,0,24.45,78.3,507.8,19.78,12.9,3.101
107,2019,177,2109,10,24.39,78.7,564.9,19.73,12.91,3.101
107,2019,177,2109,20,24.35,80.3,552.4,19.97,12.9,3.101
107,2019,177,2109,30,24.29,80.3,548,19.91,12.9,3.101
107,2019,177,2109,40,24.24,79.9,514.2,19.8,12.9,3.101
107,2019,177,2109,50,24.18,80.4,523.4,19.81,12.9,3.101
107,2019,177,2110,0,24.17,80.8,510.7,19.82,12.9,3.101
107,2019,177,2110,10,24.17,80.9,505.8,19.87,12.91,3.101
107,2019,177,2110,20,24.21,80.6,509.2,19.85,12.9,3.101
107,2019,177,2110,30.13,24.26,80.4,519.4,19.89,12.9,3.101
107,2019,177,2110,40,24.35,79.5,521.5,19.86,12.9,3.101
107,2019,177,2110,50,24.42,77.8,511.7,19.71,12.9,3.101
107,2019,177,2111,0,24.49,76.9,510.4,19.64,12.9,3.101
107,2019,177,2111,10.13,24.56,75.7,505.3,19.54,12.9,3.101
107,2019,177,2111,20,24.63,75.6,520.3,19.53,12.9,3.101
107,2019,177,2111,30,24.7,76.4,539.1,19.69,12.89,3.101
107,2019,177,2111,40,24.76,76.5,525,19.78,12.9,3.101
107,2019,177,2111,50,24.81,75.9,524.3,19.77,12.9,3.101
107,2019,177,2112,0,24.87,75.3,508.9,19.76,12.9,3.101
107,2019,177,2112,10,24.9,74.8,513.7,19.7,12.89,3.101
107,2019,177,2112,20,24.98,75.1,522.6,19.81,12.9,3.101
107,2019,177,2112,30,25.06,74.3,508.3,19.77,12.9,3.101
107,2019,177,2112,40,25.15,73.7,509.9,19.78,12.9,3.101
107,2019,177,2112,50,25.23,73.8,517.8,19.84,12.9,3.101
107,2019,177,2113,0,25.31,73.4,546.5,19.88,12.9,3.101
107,2019,177,2113,10,25.31,72.6,508.6,19.8,12.9,3.101
107,2019,177,2113,20,25.37,72.5,528.5,19.8,12.9,3.101
107,2019,177,2113,30,25.38,72.6,525.7,19.81,12.9,3.101
107,2019,177,2113,40,25.38,72.4,500.6,19.8,12.89,3.101
107,2019,177,2113,50.13,25.42,72.4,540,19.81,12.9,3.101
107,2019,177,2114,0,25.45,71.9,539.1,19.81,12.9,3.101
107,2019,177,2114,10,25.51,71.4,518.8,19.76,12.9,3.101
107,2019,177,2114,20,25.51,70.3,501.2,19.69,12.9,3.101
107,2019,177,2114,30,25.58,67.01,499.8,19.19,12.9,3.101
107,2019,177,2114,40,25.67,66.17,505.4,19.08,12.89,3.101
107,2019,177,2114,50,25.71,65.12,488.7,18.9,12.9,3.101
107,2019,177,2115,0,25.75,64.9,488.8,18.81,12.9,3.101
107,2019,177,2115,10.13,25.78,64.55,485.5,18.75,12.88,3.101
107,2019,177,2115,20,25.83,64.31,485.6,18.73,12.9,3.101
107,2019,177,2115,30,25.88,64.07,486.5,18.72,12.88,3.101
107,2019,177,2115,40,25.91,64.03,489.2,18.71,12.9,3.101
107,2019,177,2115,50,25.91,64.35,493.1,18.76,12.88,3.101
107,2019,177,2116,0,25.91,64.63,497.2,18.8,12.89,3.101
107,2019,177,2116,10,25.91,64.81,494.3,18.8,12.88,3.101
107,2019,177,2116,20,25.91,65.18,500.4,18.84,12.9,3.101
107,2019,177,2116,30.13,25.91,65.09,492.3,18.83,12.88,3.101
107,2019,177,2116,40,25.91,65.06,496.1,18.8,12.89,3.101
107,2019,177,2116,50,25.91,65.35,498.5,18.84,12.88,3.101
107,2019,177,2117,0,25.97,65.99,499.7,18.97,12.88,3.101
107,2019,177,2117,10,25.97,68.22,502.3,19.27,12.88,3.101
107,2019,177,2117,20,25.87,70,506.7,19.58,12.88,3.101
107,2019,177,2117,30,25.8,67.68,504.2,19.26,12.89,3.101
107,2019,177,2117,40,25.82,67.09,507.4,19.03,12.88,3.101
107,2019,177,2117,50,25.84,69.15,518,19.33,12.9,3.101
107,2019,177,2118,0,25.78,71.2,519.8,19.62,12.88,3.101
107,2019,177,2118,10,25.69,73.1,519.1,19.89,12.89,3.101
107,2019,177,2118,20,25.6,74.3,522.6,20.01,12.88,3.101
107,2019,177,2118,30,25.51,75.1,522,20.08,12.9,3.101
107,2019,177,2118,40,25.44,75.3,522.5,20.07,12.88,3.101
107,2019,177,2118,50,25.44,75.5,530.3,20.07,12.88,3.101
107,2019,177,2119,0,25.44,75.4,530.2,20.08,12.88,3.101
107,2019,177,2119,10.13,25.44,74.7,527.6,20,12.88,3.101
107,2019,177,2119,20,25.5,73.3,526.1,19.86,12.88,3.101
107,2019,177,2119,30,25.59,70.7,522.8,19.52,12.88,3.101
107,2019,177,2119,40,25.67,69.64,503.3,19.45,12.88,3.101
107,2019,177,2119,50.13,25.74,67.79,494.8,19.19,12.88,3.101
107,2019,177,2120,0,25.81,67.01,497.4,19.07,12.9,3.101
107,2019,177,2120,10,25.87,66.47,495.7,19.01,12.88,3.101
107,2019,177,2120,20,25.93,65.92,494.8,18.96,12.89,3.101
107,2019,177,2120,30,25.99,65.47,496,18.92,12.87,3.101
107,2019,177,2120,40,26.05,64.91,495.4,18.86,12.89,3.101
107,2019,177,2120,50,26.11,64.5,494.1,18.82,12.88,3.101
107,2019,177,2121,0,26.14,64.14,492.2,18.79,12.88,3.101
107,2019,177,2121,10,26.18,63.97,494.7,18.75,12.88,3.101
107,2019,177,2121,20,26.18,64.21,498.3,18.8,12.87,3.101
107,2019,177,2121,30,26.18,64.15,497.8,18.8,12.88,3.101
107,2019,177,2121,40,26.18,64.02,500.9,18.74,12.88,3.101
107,2019,177,2121,50,26.18,64.04,510.3,18.69,12.88,3.101
107,2019,177,2122,0,26.18,64.38,516,18.76,12.87,3.101
107,2019,177,2122,10,26.16,64.24,504.7,18.72,12.88,3.101
107,2019,177,2122,20,26.11,63.9,515.9,18.68,12.88,3.101
107,2019,177,2122,30,26.11,63.12,510.6,18.44,12.88,3.101
107,2019,177,2122,40,26.11,64.16,499.4,18.62,12.87,3.101
107,2019,177,2122,50,26.11,64.42,499.9,18.65,12.88,3.101
107,2019,177,2123,0,26.06,64.65,501.3,18.65,12.88,3.101
107,2019,177,2123,10,26.01,64.97,501.4,18.64,12.88,3.101
107,2019,177,2123,20,25.96,65.31,501.5,18.64,12.88,3.101
107,2019,177,2123,30,25.91,65.47,501.9,18.62,12.88,3.101
107,2019,177,2123,40,25.87,65.59,505.9,18.61,12.88,3.101
107,2019,177,2123,50,25.84,65.64,499.6,18.58,12.87,3.101
107,2019,177,2124,0,25.84,65.83,499.5,18.58,12.88,3.101
107,2019,177,2124,10,25.84,65.88,533.7,18.57,12.87,3.101
107,2019,177,2124,20,25.84,65.76,514.1,18.57,12.88,3.101
107,2019,177,2124,30,25.84,65.37,498.9,18.5,12.86,3.101
107,2019,177,2124,40,25.87,65.32,502,18.52,12.88,3.101
107,2019,177,2124,50,25.91,65.04,497.2,18.5,12.87,3.101
107,2019,177,2125,0,25.91,64.82,497.2,18.48,12.88,3.101
107,2019,177,2125,10.13,25.91,64.62,497,18.44,12.86,3.101
107,2019,177,2125,20,25.91,64.52,496.8,18.4,12.88,3.101
107,2019,177,2125,30,25.91,64.61,498,18.4,12.88,3.101
107,2019,177,2125,40,25.91,64.81,500.2,18.41,12.87,3.101
107,2019,177,2125,50.13,25.88,65.06,500,18.44,12.88,3.101
107,2019,177,2126,0,25.84,65.35,500.8,18.46,12.87,3.101
107,2019,177,2126,10,25.86,65.12,501.6,18.46,12.88,3.101
107,2019,177,2126,20,25.84,65.15,506.6,18.45,12.87,3.101
107,2019,177,2126,30,25.84,65.29,505.1,18.46,12.87,3.101
107,2019,177,2126,40,25.84,65.57,507.2,18.49,12.86,3.101
107,2019,177,2126,50,25.84,65.77,506.9,18.53,12.87,3.101
107,2019,177,2127,0,25.78,66.1,514.4,18.51,12.86,3.101
107,2019,177,2127,10,25.73,67.62,530.6,18.72,12.87,3.101
107,2019,177,2127,20,25.66,67.53,512.4,18.65,12.87,3.101
107,2019,177,2127,30,25.64,67.99,531.9,18.74,12.88,3.101
107,2019,177,2127,40,25.64,68.35,538.5,18.83,12.88,3.101
107,2019,177,2127,50,25.65,68.39,540.1,18.82,12.86,3.101
107,2019,177,2128,0,25.65,68.33,536,18.81,12.88,3.101
107,2019,177,2128,10,25.65,68.41,556.3,18.87,12.86,3.101
107,2019,177,2128,20,25.63,68.52,542.9,18.88,12.87,3.101
107,2019,177,2128,30.13,25.58,68.17,515.3,18.75,12.86,3.101
107,2019,177,2128,40,25.52,68.02,511.1,18.66,12.87,3.101
107,2019,177,2128,50,25.51,67.89,510.6,18.59,12.86,3.101
107,2019,177,2129,0,25.52,67.83,517.4,18.59,12.88,3.101
107,2019,177,2129,10,25.58,67.27,507.7,18.54,12.86,3.101
107,2019,177,2129,20,25.65,66.76,507.6,18.53,12.88,3.101
107,2019,177,2129,30,25.68,66.46,506.7,18.52,12.86,3.101
107,2019,177,2129,40,25.71,66.25,505.4,18.49,12.87,3.101
107,2019,177,2129,50.13,25.71,66.12,505.5,18.47,12.88,3.101
107,2019,177,2130,0,25.71,66.04,505.2,18.46,12.86,3.101
107,2019,177,2130,10,25.71,65.98,507.2,18.45,12.86,3.101
107,2019,177,2130,20,25.71,65.91,505.9,18.44,12.86,3.101
107,2019,177,2130,30,25.75,65.82,508.6,18.43,12.87,3.101
107,2019,177,2130,40,25.78,65.63,506.5,18.42,12.86,3.101
107,2019,177,2130,50,25.78,65.4,504.5,18.41,12.87,3.101
107,2019,177,2131,0,25.83,65.21,504.8,18.41,12.86,3.101
107,2019,177,2131,10.13,25.85,64.89,503.9,18.39,12.87,3.101
107,2019,177,2131,20,25.85,64.8,502.7,18.39,12.86,3.101
107,2019,177,2131,30,25.85,64.79,503.5,18.38,12.86,3.101
107,2019,177,2131,40,25.85,64.79,502.2,18.38,12.86,3.101
107,2019,177,2131,50,25.85,64.8,501.3,18.36,12.86,3.101
107,2019,177,2132,0,25.88,64.68,501.6,18.36,12.86,3.101
107,2019,177,2132,10,25.91,64.6,503.6,18.37,12.85,3.101
107,2019,177,2132,20,25.91,64.61,503.8,18.39,12.87,3.101
107,2019,177,2132,30,25.97,64.5,502.4,18.41,12.85,3.101
107,2019,177,2132,40,25.98,64.45,502.1,18.41,12.87,3.101
107,2019,177,2132,50,25.96,64.29,498.7,18.37,12.85,3.101
107,2019,177,2133,0,25.94,64.24,500.2,18.35,12.86,3.101
107,2019,177,2133,10,25.98,64.08,499.5,18.34,12.85,3.101
107,2019,177,2133,20,26,63.94,499.6,18.35,12.86,3.101
107,2019,177,2133,30,26.05,64.04,504.5,18.39,12.85,3.101
107,2019,177,2133,40,26.04,64.34,503,18.45,12.87,3.101
107,2019,177,2133,50.13,25.97,64.98,507,18.5,12.86,3.101
107,2019,177,2134,0,25.92,65.46,507.6,18.53,12.85,3.101
107,2019,177,2134,10,25.86,65.39,501.4,18.48,12.86,3.101
107,2019,177,2134,20,25.85,65.01,498.2,18.37,12.85,3.101
107,2019,177,2134,30.13,25.84,64.94,498,18.33,12.86,3.101
107,2019,177,2134,40,25.85,65.07,501.3,18.34,12.86,3.101
107,2019,177,2134,50,25.85,65,499,18.37,12.86,3.101
107,2019,177,2135,0,25.85,64.68,497.5,18.3,12.85,3.101
107,2019,177,2135,10,25.85,64.64,497.9,18.3,12.87,3.101
107,2019,177,2135,20,25.86,64.47,497.2,18.3,12.85,3.101
107,2019,177,2135,30,25.92,64.29,496.8,18.29,12.86,3.101
107,2019,177,2135,40,25.92,64.15,497.9,18.29,12.86,3.101
107,2019,177,2135,50,25.92,64.12,497.4,18.3,12.86,3.101
107,2019,177,2136,0,25.93,63.95,495.8,18.28,12.85,3.101
107,2019,177,2136,10,25.92,64.31,500.8,18.33,12.84,3.101
107,2019,177,2136,20,25.92,64.67,500,18.39,12.86,3.101
107,2019,177,2136,30,25.92,64.69,500,18.39,12.85,3.101
107,2019,177,2136,40,25.92,64.77,499.1,18.39,12.86,3.101
107,2019,177,2136,50,25.89,65.14,501.2,18.42,12.85,3.101
107,2019,177,2137,0,25.81,66.34,521.7,18.55,12.86,3.101
107,2019,177,2137,10,25.71,67.07,517.9,18.63,12.84,3.101
107,2019,177,2137,20,25.62,66.92,504.5,18.5,12.86,3.101
107,2019,177,2137,30,25.57,67.24,516.3,18.48,12.85,3.101
107,2019,177,2137,40,25.5,68.45,529.2,18.64,12.86,3.101
107,2019,177,2137,50,25.45,69.03,535.2,18.69,12.85,3.101
107,2019,177,2138,0,25.39,69.42,524.1,18.74,12.86,3.101
107,2019,177,2138,10,25.36,69.56,523.1,18.71,12.85,3.101
107,2019,177,2138,20,25.27,70.2,528.9,18.76,12.84,3.101
107,2019,177,2138,30,25.17,70.7,538.3,18.73,12.85,3.101
107,2019,177,2138,40,25.07,71.8,546.6,18.81,12.85,3.101
107,2019,177,2138,50,24.95,72.7,537.8,18.84,12.85,3.101
107,2019,177,2139,0,24.88,73.5,556,18.87,12.84,3.101
107,2019,177,2139,10,24.79,74.4,553.5,18.97,12.85,3.101
107,2019,177,2139,20,24.68,74.9,545.3,18.93,12.85,3.101
107,2019,177,2139,30,24.56,76,549,18.97,12.86,3.101
107,2019,177,2139,40,24.46,76.9,539.8,19.02,12.85,3.101
107,2019,177,2139,50.13,24.42,78.5,558.7,19.23,12.85,3.101
107,2019,177,2140,0,24.37,78.9,556.2,19.24,12.84,3.101
107,2019,177,2140,10,24.31,78.9,537.3,19.19,12.86,3.101
107,2019,177,2140,20,24.31,79.6,549.5,19.31,12.85,3.101
107,2019,177,2140,30.13,24.31,78.6,516.9,19.11,12.84,3.101
107,2019,177,2140,40,24.31,77.8,514.1,18.99,12.85,3.101
107,2019,177,2140,50,24.31,77.4,522.1,18.99,12.84,3.101
107,2019,177,2141,0,24.38,77,518.3,18.95,12.86,3.101
107,2019,177,2141,10,24.42,76.3,518.8,18.86,12.84,3.101
107,2019,177,2141,20,24.48,76.1,526.4,18.94,12.84,3.101
107,2019,177,2141,30,24.52,76.3,540.6,19.05,12.83,3.101
107,2019,177,2141,40,24.57,76.3,532.1,19.12,12.85,3.101
107,2019,177,2141,50,24.58,75.5,535.3,18.98,12.83,3.101
107,2019,177,2142,0,24.57,75.4,592.4,18.98,12.84,3.101
107,2019,177,2142,10,24.58,75.6,544.3,19.05,12.84,3.101
107,2019,177,2142,20,24.56,75,526.2,18.9,12.84,3.101
107,2019,177,2142,30,24.58,74.1,520.2,18.75,12.84,3.101
107,2019,177,2142,40,24.63,73.9,523.6,18.81,12.83,3.101
107,2019,177,2142,50,24.7,73.3,519.6,18.82,12.84,3.101
107,2019,177,2143,0,24.71,73.5,518.1,18.87,12.84,3.101
107,2019,177,2143,10.13,24.71,75.4,537.3,19.15,12.85,3.101
107,2019,177,2143,20,24.71,76.6,535.9,19.36,12.84,3.101
107,2019,177,2143,30,24.71,77,525.9,19.45,12.84,3.101
107,2019,177,2143,40,24.71,77.3,536.3,19.49,12.83,3.101
107,2019,177,2143,50,24.67,77.5,521.7,19.51,12.84,3.101
107,2019,177,2144,0,24.64,77.5,524.5,19.52,12.83,3.101
107,2019,177,2144,10,24.64,77.8,525.7,19.58,12.84,3.101
107,2019,177,2144,20,24.64,77.9,527.8,19.58,12.83,3.101
107,2019,177,2144,30.13,24.58,79.5,563.4,19.81,12.82,3.101
107,2019,177,2144,40,24.49,81.2,607.1,20.03,12.84,3.101
107,2019,177,2144,50,24.38,82.2,620.5,20.11,12.83,3.101
107,2019,177,2145,0,24.23,83.3,628.8,20.12,12.84,3.101
107,2019,177,2145,10,24.07,84.6,634.3,20.17,12.82,3.101
107,2019,177,2145,20,23.91,86.1,641.8,20.22,12.84,3.101
107,2019,177,2145,30,23.76,87.3,606.1,20.22,12.82,3.101
107,2019,177,2145,40,23.67,88.2,579.5,20.25,12.84,3.101
107,2019,177,2145,50.13,23.58,88.7,590.9,20.23,12.82,3.101
107,2019,177,2146,0,23.48,89.3,558,20.21,12.84,3.101
107,2019,177,2146,10,23.39,89.9,558,20.2,12.82,3.101
107,2019,177,2146,20,23.32,90.5,607,20.21,12.84,3.101
107,2019,177,2146,30,23.25,91.4,572.5,20.28,12.82,3.101
107,2019,177,2146,40,23.21,92,592,20.3,12.82,3.101
107,2019,177,2146,50,23.12,92.6,628,20.3,12.83,3.101
107,2019,177,2147,0,23.1,93.2,563.6,20.33,12.82,3.101
107,2019,177,2147,10,23.1,93.6,544.1,20.34,12.84,3.101
107,2019,177,2147,20,23.04,93.6,531.5,20.29,12.82,3.101
107,2019,177,2147,30,23.04,93.6,538.8,20.24,12.83,3.101
107,2019,177,2147,40,22.98,93.7,546.4,20.22,12.82,3.101
107,2019,177,2147,50,22.97,94.1,552.6,20.22,12.84,3.101
107,2019,177,2148,0,23.02,94.3,535.6,20.2,12.82,3.101
107,2019,177,2148,10,23.04,93.6,524.4,20.12,12.83,3.101
107,2019,177,2148,20,23.11,92.4,526.1,20.02,12.82,3.101
107,2019,177,2148,30.13,23.19,91.5,532,20.06,12.83,3.101
107,2019,177,2148,40,23.28,90.3,538.2,20.03,12.82,3.101
107,2019,177,2148,50,23.4,88.7,536.2,19.96,12.82,3.101
107,2019,177,2149,0,23.51,87.4,540.9,19.94,12.83,3.101
107,2019,177,2149,10.13,23.63,86.1,536.1,19.91,12.82,3.101
107,2019,177,2149,20,23.76,84.9,533.2,19.91,12.84,3.101
107,2019,177,2149,30,23.89,83.5,535,19.9,12.82,3.101
107,2019,177,2149,40,24.01,82.2,535.7,19.85,12.84,3.101
107,2019,177,2149,50,24.1,81,529.7,19.81,12.82,3.101
107,2019,177,2150,0,24.18,78.4,516.3,19.61,12.83,3.101
107,2019,177,2150,10,24.28,74,502.5,19.07,12.82,3.101
107,2019,177,2150,20,24.39,72.2,501.2,18.83,12.83,3.101
107,2019,177,2150,30,24.48,71.1,503.1,18.72,12.81,3.101
107,2019,177,2150,40,24.56,70.4,503.1,18.65,12.83,3.101
107,2019,177,2150,50,24.66,69.89,503.7,18.62,12.81,3.101
107,2019,177,2151,0,24.71,69.59,503.1,18.59,12.82,3.101
107,2019,177,2151,10,24.71,70,508.3,18.64,12.83,3.101
107,2019,177,2151,20,24.71,70,508.6,18.65,12.81,3.101
107,2019,177,2151,30,24.71,69.46,505.1,18.55,12.83,3.101
107,2019,177,2151,40,24.74,69.02,505.7,18.51,12.82,3.101
107,2019,177,2151,50,24.78,69.06,508.1,18.51,12.82,3.101
107,2019,177,2152,0,24.78,69.41,515.2,18.55,12.82,3.101
107,2019,177,2152,10,24.77,69.48,511.7,18.56,12.82,3.101
107,2019,177,2152,20,24.72,69.07,503.4,18.49,12.81,3.101
107,2019,177,2152,30,24.73,69,505.1,18.45,12.82,3.101
107,2019,177,2152,40,24.73,68.79,504.4,18.42,12.82,3.101
107,2019,177,2152,50,24.78,68.93,507,18.42,12.83,3.101
107,2019,177,2153,0,24.77,69.88,513.5,18.57,12.81,3.101
107,2019,177,2153,10,24.71,70.3,513,18.64,12.8,3.101
107,2019,177,2153,20,24.65,71.7,511.3,18.73,12.83,3.101
107,2019,177,2153,30,24.54,72.5,507.8,18.83,12.81,3.101
107,2019,177,2153,40,24.51,71.5,505.5,18.59,12.82,3.101
107,2019,177,2153,50,24.51,71.3,503.6,18.53,12.8,3.101
107,2019,177,2154,0,24.51,70.9,502.6,18.46,12.82,3.101
107,2019,177,2154,10,24.51,70.8,503.5,18.46,12.81,3.101
107,2019,177,2154,20,24.51,70.7,503,18.44,12.82,3.101
107,2019,177,2154,30.13,24.56,70.6,504.5,18.45,12.8,3.101
107,2019,177,2154,40,24.58,70.5,502.5,18.44,12.82,3.101
107,2019,177,2154,50,24.58,70.5,503.6,18.45,12.8,3.101
107,2019,177,2155,0,24.58,70.5,510.3,18.48,12.82,3.101
107,2019,177,2155,10.13,24.64,70.5,509.7,18.48,12.82,3.101
107,2019,177,2155,20,24.64,70.4,505.6,18.46,12.8,3.101
107,2019,177,2155,30,24.64,70.3,503.1,18.44,12.82,3.101
107,2019,177,2155,40,24.64,70.1,502.4,18.42,12.8,3.101
107,2019,177,2155,50,24.7,69.79,502.7,18.39,12.82,3.101
107,2019,177,2156,0,24.71,69.63,505.4,18.4,12.8,3.101
107,2019,177,2156,10,24.74,69.54,507.8,18.42,12.82,3.101
107,2019,177,2156,20,24.79,69.72,507.6,18.49,12.8,3.101
107,2019,177,2156,30,24.85,69.57,506.4,18.53,12.82,3.101
107,2019,177,2156,40,24.85,69.46,504,18.52,12.8,3.101
107,2019,177,2156,50,24.85,69.54,503.3,18.55,12.81,3.101
107,2019,177,2157,0,24.86,69.4,502.3,18.53,12.8,3.101
107,2019,177,2157,10,24.91,69.27,503.5,18.51,12.82,3.101
107,2019,177,2157,20,24.91,69.3,502.4,18.54,12.81,3.101
107,2019,177,2157,30,24.93,69.07,506.5,18.51,12.8,3.101
107,2019,177,2157,40,24.98,68.67,499.4,18.49,12.82,3.101
107,2019,177,2157,50.13,25.01,68.55,501.5,18.5,12.8,3.101
107,2019,177,2158,0,25.05,68.32,501.3,18.51,12.82,3.101
107,2019,177,2158,10,25.06,68.63,507.1,18.57,12.8,3.101
107,2019,177,2158,20,25.05,68.83,508.3,18.6,12.81,3.101
107,2019,177,2158,30,25.05,69.81,516.9,18.69,12.8,3.101
107,2019,177,2158,40,25.01,71,521.6,18.86,12.81,3.101
107,2019,177,2158,50,24.96,71.3,515.9,18.93,12.8,3.101
107,2019,177,2159,0,24.91,70.7,511.7,18.74,12.82,3.101
107,2019,177,2159,10.13,24.85,71.9,539.7,18.87,12.8,3.101
107,2019,177,2159,20,24.82,72.7,531.8,18.95,12.81,3.101
107,2019,177,2159,30,24.78,73.1,546.9,19,12.81,3.101
107,2019,177,2159,40,24.72,73.5,532.7,19.01,12.8,3.101
107,2019,177,2159,50,24.66,74.7,546.2,19.11,12.8,3.101
107,2019,177,2200,0,24.58,75.7,543.5,19.22,12.8,3.101
107,2019,177,2200,10,24.48,76.4,554.2,19.27,12.8,3.101
107,2019,177,2200,20,24.38,76.5,549.2,19.18,12.8,3.101
107,2019,177,2200,30.13,24.27,76.7,536.2,19.09,12.81,3.101
107,2019,177,2200,40,24.19,76.4,517.1,18.95,12.8,3.101
107,2019,177,2200,50,24.13,75.6,519.6,18.75,12.8,3.101
107,2019,177,2201,0,24.11,74.6,508.4,18.52,12.8,3.101
107,2019,177,2201,10,24.12,75.6,533.1,18.69,12.8,3.101
107,2019,177,2201,20,24.18,76.7,530.2,18.92,12.8,3.101
107,2019,177,2201,30,24.18,77,529.9,19,12.8,3.101
107,2019,177,2201,40,24.18,77.2,537.2,19.04,12.81,3.101
107,2019,177,2201,50,24.18,77.4,545.5,19.08,12.79,3.101
107,2019,177,2202,0,24.18,76.3,524.7,18.9,12.8,3.101
107,2019,177,2202,10,24.11,73.9,492.7,18.45,12.79,3.101
107,2019,177,2202,20,24.11,74,518.4,18.5,12.81,3.101
107,2019,177,2202,30,24.11,73.1,489.9,18.29,12.79,3.101
107,2019,177,2202,40,24.11,72.9,499.7,18.24,12.81,3.101
107,2019,177,2202,50,24.08,73.7,515.3,18.35,12.8,3.101
107,2019,177,2203,0,24.04,74.6,536.7,18.48,12.81,3.101
107,2019,177,2203,10.13,23.96,74.2,499.4,18.32,12.8,3.101
107,2019,177,2203,20,23.85,74.9,508.1,18.31,12.81,3.101
107,2019,177,2203,30,23.73,76.4,524.8,18.35,12.79,3.101
107,2019,177,2203,40,23.65,77.6,549.8,18.46,12.79,3.101
107,2019,177,2203,50.13,23.64,78.5,588.2,18.58,12.8,3.101
107,2019,177,2204,0,23.64,78.7,570.9,18.67,12.79,3.101
107,2019,177,2204,10,23.64,77.8,544.7,18.55,12.79,3.101
107,2019,177,2204,20,23.68,76.2,497.3,18.3,12.79,3.101
107,2019,177,2204,30,23.73,75,514.6,18.15,12.79,3.101
107,2019,177,2204,40,23.81,75.3,552.8,18.32,12.79,3.101
107,2019,177,2204,50,23.86,74.7,533.6,18.25,12.8,3.101
107,2019,177,2205,0,23.91,74,500.3,18.21,12.79,3.101
107,2019,177,2205,10,23.95,73.1,499,18.12,12.8,3.101
107,2019,177,2205,20,23.99,72.1,493.9,18.01,12.79,3.101
107,2019,177,2205,30,24.04,71.6,497.3,17.98,12.79,3.101
107,2019,177,2205,40,24.04,71.3,502.2,17.93,12.79,3.101
107,2019,177,2205,50,23.95,72.4,577.9,18.02,12.78,3.101
107,2019,177,2206,0,23.83,73,572.9,18,12.8,3.101
107,2019,177,2206,10,23.78,73.8,526.2,17.95,12.78,3.101
107,2019,177,2206,20,23.78,80.7,535.2,18.67,12.79,3.101
107,2019,177,2206,30,23.61,86.8,556.6,19.64,12.78,3.101
107,2019,177,2206,40,23.45,89.5,567,19.96,12.79,3.101
107,2019,177,2206,50,23.44,90.4,564.6,20.13,12.78,3.101
107,2019,177,2207,0,23.45,90.8,568.5,20.25,12.8,3.101
107,2019,177,2207,10,23.44,91.1,570.8,20.31,12.78,3.101
107,2019,177,2207,20,23.44,91.3,566.3,20.36,12.79,3.101
107,2019,177,2207,30,23.44,91.5,567.6,20.4,12.78,3.101
107,2019,177,2207,40,23.44,91.7,566.4,20.44,12.8,3.101
107,2019,177,2207,50,23.45,91.6,567.4,20.44,12.79,3.101
107,2019,177,2208,0,23.49,91.5,565.2,20.46,12.77,3.101
107,2019,177,2208,10,23.51,91.3,572.1,20.47,12.79,3.101
107,2019,177,2208,20,23.51,91,559.9,20.46,12.79,3.101
107,2019,177,2208,30,23.45,89.4,537.2,20.24,12.79,3.101
107,2019,177,2208,40,23.44,86.5,520.8,19.89,12.78,3.101
107,2019,177,2208,50,23.44,83.6,517.7,19.5,12.79,3.101
107,2019,177,2209,0,23.39,83.8,527.4,19.49,12.77,3.101
107,2019,177,2209,10.13,23.38,83,518.4,19.41,12.79,3.101
107,2019,177,2209,20,23.39,81.1,528.2,19.18,12.78,3.101
107,2019,177,2209,30,23.44,79.1,549,18.9,12.79,3.101
107,2019,177,2209,40,23.39,77.9,542.1,18.69,12.77,3.101
107,2019,177,2209,50.13,23.38,76.9,539.6,18.47,12.77,3.101
107,2019,177,2210,0,23.38,76.3,534.2,18.31,12.78,3.101
107,2019,177,2210,10,23.32,76.3,531.7,18.25,12.77,3.101
107,2019,177,2210,20,23.31,76.9,537.5,18.26,12.79,3.101
107,2019,177,2210,30,23.23,78.5,556.7,18.39,12.77,3.101
107,2019,177,2210,40,23.13,80.3,575.4,18.57,12.78,3.101
107,2019,177,2210,50,23,81.6,573.9,18.64,12.78,3.101
107,2019,177,2211,0,22.91,82.2,576,18.63,12.78,3.101
107,2019,177,2211,10,22.88,83.1,581.2,18.69,12.77,3.101
107,2019,177,2211,20,22.84,83.7,628,18.76,12.79,3.101
107,2019,177,2211,30,22.84,84.6,735,18.86,12.77,3.101
107,2019,177,2211,40,22.83,84.2,634.1,18.8,12.78,3.101
107,2019,177,2211,50,22.79,82.6,549.7,18.51,12.77,3.101
107,2019,177,2212,0,22.85,82,560.8,18.46,12.78,3.101
107,2019,177,2212,10,22.91,81.1,559,18.45,12.79,3.101
107,2019,177,2212,20,22.97,80.4,563.6,18.41,12.77,3.101
107,2019,177,2212,30.13,23.03,81.3,565.5,18.58,12.78,3.101
107,2019,177,2212,40,23.04,82.3,570,18.78,12.77,3.101
107,2019,177,2212,50,23.01,83,567.9,18.86,12.79,3.101
107,2019,177,2213,0,22.97,83.6,578.3,18.92,12.77,3.101
107,2019,177,2213,10,22.91,84.6,596.5,19.02,12.78,3.101
107,2019,177,2213,20,22.88,85,590,19.02,12.77,3.101
107,2019,177,2213,30,22.84,85.4,602.4,19.06,12.78,3.101
107,2019,177,2213,40,22.78,86,614.9,19.09,12.77,3.101
107,2019,177,2213,50.13,22.77,86.3,608.4,19.11,12.79,3.101
107,2019,177,2214,0,22.77,86.6,605.3,19.14,12.77,3.101
107,2019,177,2214,10,22.77,86.6,600.1,19.13,12.77,3.101
107,2019,177,2214,20,22.76,86.5,595,19.14,12.77,3.101
107,2019,177,2214,30,22.73,86.4,595.5,19.12,12.77,3.101
107,2019,177,2214,40,22.71,86.3,610.8,19.12,12.77,3.101
107,2019,177,2214,50,22.71,86.5,626.7,19.14,12.77,3.101
107,2019,177,2215,0,22.71,86.7,630.2,19.16,12.78,3.101
107,2019,177,2215,10.13,22.71,86.9,630.5,19.17,12.76,3.101
107,2019,177,2215,20,22.71,86.9,637.5,19.15,12.79,3.101
107,2019,177,2215,30,22.71,86.3,626.8,19.1,12.77,3.101
107,2019,177,2215,40,22.71,85.7,625.8,19.04,12.78,3.101
107,2019,177,2215,50,22.77,85.3,635.4,19.02,12.76,3.101
107,2019,177,2216,0,22.78,84.9,660.6,18.99,12.78,3.101
107,2019,177,2216,10,22.84,84.8,698.1,19.03,12.76,3.101
107,2019,177,2216,20,22.88,84.5,682.4,19.05,12.77,3.101
107,2019,177,2216,30,22.91,84,657.8,19.03,12.77,3.101
107,2019,177,2216,40,22.92,83.8,649.9,19.03,12.77,3.101
107,2019,177,2216,50,22.97,83.7,645.8,19.05,12.77,3.101
107,2019,177,2217,0,22.97,83.7,649,19.06,12.76,3.101
107,2019,177,2217,10,22.97,83.9,653.9,19.11,12.77,3.101
107,2019,177,2217,20,22.97,83.9,655,19.13,12.76,3.101
107,2019,177,2217,30,22.97,84,647.7,19.14,12.77,3.101
107,2019,177,2217,40,22.97,83.7,629.2,19.1,12.77,3.101
107,2019,177,2217,50.13,22.97,83.7,627.1,19.09,12.77,3.101
107,2019,177,2218,0,22.97,83.6,636,19.07,12.76,3.101
107,2019,177,2218,10,22.91,83.4,617.5,19.03,12.77,3.101
107,2019,177,2218,20,22.91,83.3,611.4,19.02,12.77,3.101
107,2019,177,2218,30.13,22.91,83.1,604.6,18.98,12.75,3.101
107,2019,177,2218,40,22.91,82.7,593.4,18.93,12.77,3.101
107,2019,177,2218,50,22.91,82.1,585.4,18.85,12.75,3.101
107,2019,177,2219,0,22.91,81.6,583.6,18.76,12.77,3.101
107,2019,177,2219,10,22.91,81.3,579.8,18.71,12.75,3.101
107,2019,177,2219,20,22.91,81.1,579.1,18.66,12.77,3.101
107,2019,177,2219,30,22.91,80.6,572.4,18.62,12.76,3.101
107,2019,177,2219,40,22.91,80.4,572.5,18.58,12.77,3.101
107,2019,177,2219,50,22.93,80.2,568.2,18.56,12.75,3.101
107,2019,177,2220,0,22.97,79.8,575.5,18.52,12.77,3.101
107,2019,177,2220,10,22.95,79.1,602.4,18.41,12.76,3.101
107,2019,177,2220,20,22.87,77.6,678.8,18.18,12.77,3.101
107,2019,177,2220,30,22.73,78.1,672.2,18.05,12.77,3.101
107,2019,177,2220,40,22.61,80.2,637.9,18.19,12.75,3.101
107,2019,177,2220,50,22.53,82.2,652.6,18.37,12.77,3.101
107,2019,177,2221,0,22.49,84.5,619.9,18.66,12.75,3.101
107,2019,177,2221,10,22.44,85.9,621.4,18.82,12.77,3.101
107,2019,177,2221,20,22.39,85.8,650,18.77,12.75,3.101
107,2019,177,2221,30,22.31,84.6,646,18.51,12.77,3.101
107,2019,177,2221,40,22.23,84.8,596.8,18.47,12.75,3.101
107,2019,177,2221,50,22.16,84.4,595.1,18.33,12.76,3.101
107,2019,177,2222,0,22.1,83.6,580.7,18.14,12.75,3.101
107,2019,177,2222,10,22.09,82.9,571.2,18,12.76,3.101
107,2019,177,2222,20,22.04,82.2,577.5,17.87,12.75,3.101
107,2019,177,2222,30,22.04,81.4,599.9,17.77,12.77,3.101
107,2019,177,2222,40,22.04,81.3,585.1,17.74,12.75,3.101
107,2019,177,2222,50,21.99,81.7,621.6,17.77,12.74,3.101
107,2019,177,2223,0,21.88,82.4,631.6,17.75,12.77,3.101
107,2019,177,2223,10,21.8,83.2,617.1,17.73,12.73,3.101
107,2019,177,2223,20,21.77,84,591.2,17.82,12.76,3.101
107,2019,177,2223,30,21.77,83.3,576.2,17.76,12.74,3.101
107,2019,177,2223,40,21.77,82.5,568.3,17.61,12.75,3.101
107,2019,177,2223,50.13,21.77,81.8,611.9,17.51,12.73,3.101
107,2019,177,2224,0,21.76,82.1,572.8,17.47,12.75,3.101
107,2019,177,2224,10,21.81,82.4,602.9,17.57,12.73,3.101
107,2019,177,2224,20,21.88,82.6,624.3,17.67,12.75,3.101
107,2019,177,2224,30.13,21.96,83.1,579.6,17.85,12.73,3.101
107,2019,177,2224,40,22,84.2,580.7,18.06,12.75,3.101
107,2019,177,2224,50,22.02,85.9,595.7,18.31,12.75,3.101
107,2019,177,2225,0,21.94,87.4,595.2,18.45,12.74,3.101
107,2019,177,2225,10,21.85,88.8,596.1,18.59,12.75,3.101
107,2019,177,2225,20,21.8,89,593.9,18.58,12.74,3.101
107,2019,177,2225,30,21.78,89.3,578.5,18.58,12.75,3.101
107,2019,177,2225,40,21.83,89.5,586.3,18.63,12.74,3.101
107,2019,177,2225,50,21.84,89,566.6,18.62,12.75,3.101
107,2019,177,2226,0,21.84,88.8,563.7,18.63,12.74,3.101
107,2019,177,2226,10,21.78,88.6,546.6,18.57,12.75,3.101
107,2019,177,2226,20,21.77,88.6,552.8,18.52,12.74,3.101
107,2019,177,2226,30,21.79,87.9,561.7,18.46,12.75,3.101
107,2019,177,2226,40,21.88,86.5,559.8,18.33,12.74,3.101
107,2019,177,2226,50,22.01,85,555.8,18.29,12.75,3.101
107,2019,177,2227,0,22.1,83.9,586.6,18.3,12.75,3.101
107,2019,177,2227,10.13,22.17,85,780,18.46,12.73,3.101
107,2019,177,2227,20,22.13,86.1,770,18.62,12.75,3.101
107,2019,177,2227,30,22.06,86.8,637.3,18.66,12.73,3.101
107,2019,177,2227,40,21.96,87.1,587.2,18.6,12.75,3.101
107,2019,177,2227,50,21.9,86.5,570.9,18.43,12.73,3.101
107,2019,177,2228,0,21.9,85.9,562.4,18.36,12.75,3.101
107,2019,177,2228,10,21.9,85.7,569.3,18.36,12.73,3.101
107,2019,177,2228,20,21.9,86,558.9,18.42,12.75,3.101
107,2019,177,2228,30.13,21.89,85.4,553.1,18.29,12.73,3.101
107,2019,177,2228,40,21.84,84.9,530.6,18.19,12.74,3.101
107,2019,177,2228,50,21.84,84.5,530.3,18.1,12.73,3.101
107,2019,177,2229,0,21.85,84.7,531.9,18.14,12.74,3.101
107,2019,177,2229,10,21.9,86,535.7,18.38,12.73,3.101
107,2019,177,2229,20,21.97,87.5,534.5,18.64,12.73,3.101
107,2019,177,2229,30,22.02,88.5,536.8,18.82,12.74,3.101
107,2019,177,2229,40,22.04,89.5,540.8,19.01,12.73,3.101
107,2019,177,2229,50.13,22.1,90.7,543.3,19.23,12.74,3.101
107,2019,177,2230,0,22.15,92.2,540.8,19.49,12.73,3.101
107,2019,177,2230,10,22.17,93.4,540.4,19.7,12.74,3.101
107,2019,177,2230,20,22.17,94.3,539.5,19.84,12.73,3.101
107,2019,177,2230,30,22.17,94.8,542.9,19.89,12.74,3.101
107,2019,177,2230,40,22.17,95.2,539.2,19.94,12.73,3.101
107,2019,177,2230,50,22.17,95.6,527.3,19.95,12.75,3.101
107,2019,177,2231,0,22.19,95.6,528.6,19.98,12.73,3.101
107,2019,177,2231,10,22.24,95.5,534,20,12.73,3.101
107,2019,177,2231,20,22.24,95.2,538.6,20.02,12.73,3.101
107,2019,177,2231,30,22.29,95,542.8,20.02,12.73,3.101
107,2019,177,2231,40,22.31,94.9,539.7,20.04,12.74,3.101
107,2019,177,2231,50,22.33,94.6,542.3,20.06,12.73,3.101
107,2019,177,2232,0,22.37,94.2,544.2,20.04,12.73,3.101
107,2019,177,2232,10,22.37,94.1,556.9,20.08,12.73,3.101
107,2019,177,2232,20,22.32,93.9,551.4,20.06,12.73,3.101
107,2019,177,2232,30.13,22.31,94.4,559.1,20.08,12.72,3.101
107,2019,177,2232,40,22.31,94.8,563.5,20.11,12.73,3.101
107,2019,177,2232,50,22.31,95,564.4,20.14,12.72,3.101
107,2019,177,2233,0,22.31,95.3,559,20.18,12.74,3.101
107,2019,177,2233,10.13,22.31,95.7,567.3,20.21,12.73,3.101
107,2019,177,2233,20,22.31,96.1,573.4,20.25,12.71,3.101
107,2019,177,2233,30,22.34,96.1,571.5,20.27,12.73,3.101
107,2019,177,2233,40,22.37,96,574.4,20.29,12.72,3.101
107,2019,177,2233,50,22.32,95.5,575,20.26,12.73,3.101
107,2019,177,2234,0,22.31,95.5,569.6,20.24,12.72,3.101
107,2019,177,2234,10,22.27,95.8,570.7,20.25,12.73,3.101
107,2019,177,2234,20,22.24,96.2,578.4,20.27,12.72,3.101
107,2019,177,2234,30,22.24,96.8,598.1,20.3,12.73,3.101
107,2019,177,2234,40,22.24,97.1,608,20.33,12.72,3.101
107,2019,177,2234,50,22.24,97.3,606.7,20.36,12.73,3.101
107,2019,177,2235,0,22.24,97.4,586.4,20.33,12.73,3.101
107,2019,177,2235,10,22.24,97.2,567.3,20.26,12.74,3.101
107,2019,177,2235,20,22.24,97,564.4,20.18,12.72,3.101
107,2019,177,2235,30,22.24,96.7,565.5,20.15,12.71,3.101
107,2019,177,2235,40,22.24,96.5,565.8,20.14,12.73,3.101
107,2019,177,2235,50,22.24,96.4,567.3,20.13,12.71,3.101
107,2019,177,2236,0,22.24,96,563.1,20.12,12.73,3.101
107,2019,177,2236,10,22.26,95,569.1,20.04,12.72,3.101
107,2019,177,2236,20,22.26,93.4,566.5,19.91,12.73,3.101
107,2019,177,2236,30,22.31,92,573.6,19.78,12.71,3.101
107,2019,177,2236,40,22.28,89.4,573.3,19.51,12.73,3.101
107,2019,177,2236,50,22.31,88.8,576.6,19.4,12.72,3.101
107,2019,177,2237,0,22.31,88.1,576.2,19.35,12.73,3.101
107,2019,177,2237,10,22.31,87.1,600.2,19.19,12.72,3.101
107,2019,177,2237,20,22.31,87.2,552.3,19.15,12.73,3.101
107,2019,177,2237,30,22.35,87.4,542.7,19.2,12.71,3.101
107,2019,177,2237,40,22.39,86.4,540.6,19.12,12.71,3.101
107,2019,177,2237,50,22.47,85.4,553.2,19.05,12.72,3.101
107,2019,177,2238,0,22.55,84.5,566.3,19.01,12.71,3.101
107,2019,177,2238,10,22.59,83.9,588.7,18.99,12.73,3.101
107,2019,177,2238,20,22.64,84.5,573.1,19.05,12.72,3.101
107,2019,177,2238,30.13,22.64,84.8,569,19.09,12.73,3.101
107,2019,177,2238,40,22.64,84.7,556.1,19.1,12.71,3.101
107,2019,177,2238,50,22.68,84.9,579.8,19.14,12.72,3.101
107,2019,177,2239,0,22.64,85.8,593.1,19.29,12.72,3.101
107,2019,177,2239,10.13,22.64,85.6,579.1,19.2,12.72,3.101
107,2019,177,2239,20,22.58,85.3,565,19.15,12.71,3.101
107,2019,177,2239,30,22.57,85.4,543.5,19.11,12.73,3.101
107,2019,177,2239,40,22.57,85.7,564.8,19.14,12.72,3.101
107,2019,177,2239,50,22.57,86.1,559.2,19.16,12.71,3.101
107,2019,177,2240,0,22.57,86.4,547.6,19.22,12.72,3.101
107,2019,177,2240,10,22.6,86.5,539.4,19.25,12.71,3.101
107,2019,177,2240,20,22.66,86.5,537.7,19.28,12.72,3.101
107,2019,177,2240,30,22.71,86,540.3,19.3,12.71,3.101
107,2019,177,2240,40,22.77,85.9,544.1,19.35,12.73,3.101
107,2019,177,2240,50,22.77,86.2,545.7,19.4,12.71,3.101
107,2019,177,2241,0,22.78,86.4,550.8,19.4,12.72,3.101
107,2019,177,2241,10,22.78,86.7,549.3,19.45,12.71,3.101
107,2019,177,2241,20,22.78,86.5,563.6,19.42,12.72,3.101
107,2019,177,2241,30,22.78,86,548.1,19.39,12.71,3.101
107,2019,177,2241,40,22.84,85.3,542.6,19.35,12.73,3.101
107,2019,177,2241,50.13,22.89,84.7,546.2,19.32,12.72,3.101
107,2019,177,2242,0,22.94,82.4,532.8,19.14,12.7,3.101
107,2019,177,2242,10,23.04,81.2,541.3,18.97,12.72,3.101
107,2019,177,2242,20,23.17,81,532.6,19.06,12.71,3.101
107,2019,177,2242,30,23.29,81.1,530.6,19.17,12.72,3.101
107,2019,177,2242,40,23.4,81.2,532,19.29,12.71,3.101
107,2019,177,2242,50,23.45,80.6,531.9,19.3,12.72,3.101
107,2019,177,2243,0,23.51,79.9,535.5,19.27,12.71,3.101
107,2019,177,2243,10.13,23.55,77.3,544.1,19.03,12.71,3.101
107,2019,177,2243,20,23.63,76,527.6,18.82,12.71,3.101
107,2019,177,2243,30,23.74,75.9,543.9,18.88,12.72,3.101
107,2019,177,2243,40,23.83,75.8,527.7,18.93,12.71,3.101
107,2019,177,2243,50,23.89,74.2,516.5,18.87,12.71,3.101
107,2019,177,2244,0,23.97,73.2,518.6,18.72,12.72,3.101
107,2019,177,2244,10,24.03,72,510.2,18.63,12.7,3.101
107,2019,177,2244,20,24.1,71,505.6,18.5,12.72,3.101
107,2019,177,2244,30.13,24.15,71.4,512,18.55,12.71,3.101
107,2019,177,2244,40,24.18,70.3,503.8,18.45,12.73,3.101
107,2019,177,2244,50,24.21,69.89,504,18.36,12.71,3.101
107,2019,177,2245,0,24.25,69.61,505.2,18.31,12.71,3.101
107,2019,177,2245,10,24.27,69.82,508,18.33,12.71,3.101
107,2019,177,2245,20,24.31,69.68,507,18.37,12.71,3.101
107,2019,177,2245,30,24.38,69.87,510.4,18.41,12.7,3.101
107,2019,177,2245,40,24.43,69.23,508.5,18.38,12.71,3.101
107,2019,177,2245,50,24.45,68.94,508.6,18.34,12.7,3.101
107,2019,177,2246,0,24.45,68.85,507.3,18.33,12.72,3.101
107,2019,177,2246,10,24.45,69.12,513.2,18.33,12.71,3.101
107,2019,177,2246,20,24.46,69.27,514.4,18.37,12.71,3.101
107,2019,177,2246,30,24.49,68.96,511,18.33,12.72,3.101
107,2019,177,2246,40,24.5,69.01,513.3,18.32,12.7,3.101
107,2019,177,2246,50,24.52,69.2,515.2,18.33,12.71,3.101
107,2019,177,2247,0,24.52,70.3,520.7,18.46,12.7,3.101
107,2019,177,2247,10.13,24.52,72.1,532.3,18.73,12.71,3.101
107,2019,177,2247,20,24.52,71.2,521.2,18.72,12.69,3.101
107,2019,177,2247,30,24.47,70.8,517.8,18.6,12.71,3.101
107,2019,177,2247,40,24.46,71.8,530.1,18.66,12.69,3.101
107,2019,177,2247,50.13,24.49,72.4,532.4,18.76,12.71,3.101
107,2019,177,2248,0,24.45,72.9,535.8,18.85,12.69,3.101
107,2019,177,2248,10,24.42,73.9,539.4,18.92,12.69,3.101
107,2019,177,2248,20,24.35,75,541.9,19.06,12.71,3.101
107,2019,177,2248,30,24.29,75,537.7,19.01,12.7,3.101
107,2019,177,2248,40,24.24,75.1,537.4,18.98,12.71,3.101
107,2019,177,2248,50,24.18,75.2,538.1,18.95,12.7,3.101
107,2019,177,2249,0,24.18,75.3,537.8,18.94,12.71,3.101
107,2019,177,2249,10,24.18,75.5,538.7,18.97,12.69,3.101
107,2019,177,2249,20,24.18,75.3,536.2,18.95,12.71,3.101
107,2019,177,2249,30,24.21,75,535.2,18.92,12.7,3.101
107,2019,177,2249,40,24.25,74.4,531.2,18.87,12.71,3.101
107,2019,177,2249,50,24.26,73.9,530.5,18.81,12.7,3.101
107,2019,177,2250,0,24.31,73.4,527,18.74,12.71,3.101
107,2019,177,2250,10,24.34,73,529.3,18.72,12.7,3.101
107,2019,177,2250,20,24.38,72.6,524.6,18.68,12.7,3.101
107,2019,177,2250,30,24.41,72.1,523.9,18.62,12.71,3.101
107,2019,177,2250,40,24.45,71.8,525.5,18.6,12.7,3.101
107,2019,177,2250,50,24.45,71.6,526.4,18.59,12.71,3.101
107,2019,177,2251,0,24.48,71.5,525.7,18.57,12.69,3.101
107,2019,177,2251,10,24.52,71.3,522,18.55,12.71,3.101
107,2019,177,2251,20,24.52,70.8,518.5,18.49,12.7,3.101
107,2019,177,2251,30,24.55,70.6,520.5,18.47,12.71,3.101
107,2019,177,2251,40,24.58,70.5,519,18.45,12.69,3.101
107,2019,177,2251,50,24.58,70.9,527.2,18.5,12.71,3.101
107,2019,177,2252,0,24.58,71.7,538.6,18.6,12.69,3.101
107,2019,177,2252,10,24.55,72.6,542,18.73,12.71,3.101
107,2019,177,2252,20,24.52,73,540,18.77,12.7,3.101
107,2019,177,2252,30,24.45,73,533.9,18.72,12.69,3.101
107,2019,177,2252,40,24.45,73.1,533.3,18.7,12.71,3.101
107,2019,177,2252,50,24.44,72.7,528.3,18.64,12.69,3.101
107,2019,177,2253,0,24.39,72.8,532.7,18.63,12.71,3.101
107,2019,177,2253,10.13,24.38,71.8,531.5,18.51,12.69,3.101
107,2019,177,2253,20,24.44,71.7,537.1,18.43,12.71,3.101
107,2019,177,2253,30,24.49,72.1,538.1,18.55,12.69,3.101
107,2019,177,2253,40,24.51,71.9,538.2,18.57,12.71,3.101
107,2019,177,2253,50.13,24.51,71.9,538.1,18.58,12.7,3.101
107,2019,177,2254,0,24.51,72.2,540.2,18.61,12.71,3.101
107,2019,177,2254,10,24.48,72.8,544.3,18.66,12.69,3.101
107,2019,177,2254,20,24.45,73.2,545.5,18.7,12.71,3.101
107,2019,177,2254,30,24.4,73.6,546.7,18.71,12.71,3.101
107,2019,177,2254,40,24.35,74,544,18.73,12.69,3.101
107,2019,177,2254,50,24.29,74.2,538.3,18.69,12.71,3.101
107,2019,177,2255,0,24.23,74.5,535.9,18.69,12.7,3.101
107,2019,177,2255,10,24.18,74.2,528.8,18.61,12.7,3.101
107,2019,177,2255,20,24.18,73.1,523.4,18.44,12.69,3.101
107,2019,177,2255,30,24.24,72.5,524.5,18.36,12.71,3.101
107,2019,177,2255,40,24.28,72,524.7,18.31,12.69,3.101
107,2019,177,2255,50,24.32,71.7,524.9,18.31,12.7,3.101
107,2019,177,2256,0,24.38,71.4,526.1,18.3,12.69,3.101
107,2019,177,2256,10,24.42,70.8,518.7,18.26,12.7,3.101
107,2019,177,2256,20,24.45,70.3,514.4,18.21,12.69,3.101
107,2019,177,2256,30.13,24.48,70.1,514.5,18.19,12.68,3.101
107,2019,177,2256,40,24.51,69.98,514.9,18.18,12.71,3.101
107,2019,177,2256,50,24.51,69.9,516.3,18.18,12.69,3.101
107,2019,177,2257,0,24.51,70,515.4,18.17,12.71,3.101
107,2019,177,2257,10,24.45,70.6,517.2,18.2,12.69,3.101
107,2019,177,2257,20,24.4,71.2,520.7,18.24,12.71,3.101
107,2019,177,2257,30,24.33,71.8,524.7,18.27,12.69,3.101
107,2019,177,2257,40,24.25,72.4,529.7,18.29,12.71,3.101
107,2019,177,2257,50.13,24.15,73.4,581.1,18.33,12.69,3.101
107,2019,177,2258,0,24.06,74.5,548,18.42,12.7,3.101
107,2019,177,2258,10,23.97,74.9,559.6,18.39,12.69,3.101
107,2019,177,2258,20,23.91,75.2,541.6,18.38,12.7,3.101
107,2019,177,2258,30,23.85,75.2,536.6,18.33,12.68,3.101
107,2019,177,2258,40,23.87,74.5,523.3,18.24,12.71,3.101
107,2019,177,2258,50,23.92,73.7,519.1,18.15,12.7,3.101
107,2019,177,2259,0,23.98,73.2,519.7,18.14,12.69,3.101
107,2019,177,2259,10.13,24.03,72.7,518.4,18.12,12.7,3.101
107,2019,177,2259,20,24.05,72.7,523.5,18.14,12.69,3.101
107,2019,177,2259,30,24.09,72.9,523.1,18.18,12.7,3.101
107,2019,177,2259,40,24.11,72.5,518.4,18.14,12.69,3.101
107,2019,177,2259,50,24.11,72.3,519.4,18.11,12.69,3.101
107,2019,177,2300,0,24.12,72.2,521.6,18.1,12.69,3.101
107,2019,177,2300,10,24.17,72.3,525.6,18.14,12.7,3.101
107,2019,177,2300,20,24.18,72.2,525.3,18.15,12.69,3.101
107,2019,177,2300,30,24.18,72,526.3,18.1,12.7,3.101
107,2019,177,2300,40,24.18,72,527.2,18.09,12.69,3.101
107,2019,177,2300,50,24.18,71.7,524.9,18.07,12.69,3.101
107,2019,177,2301,0,24.17,71.6,524.3,18.04,12.69,3.101
107,2019,177,2301,10,24.18,71.6,524.2,18.03,12.68,3.101
107,2019,177,2301,20,24.18,71.5,526.2,18.02,12.69,3.101
107,2019,177,2301,30,24.18,71.5,524.5,18.01,12.69,3.101
107,2019,177,2301,40,24.18,71.7,529.6,18.04,12.69,3.101
107,2019,177,2301,50.13,24.2,71.9,530.7,18.12,12.68,3.101
107,2019,177,2302,0,24.25,71.8,530.2,18.14,12.7,3.101
107,2019,177,2302,10,24.25,71.7,531.8,18.15,12.69,3.101
107,2019,177,2302,20,24.24,71.8,531.7,18.15,12.69,3.101
107,2019,177,2302,30.13,24.19,71.8,532.5,18.14,12.68,3.101
107,2019,177,2302,40,24.19,71.6,529.7,18.1,12.69,3.101
107,2019,177,2302,50,24.2,71.4,528.3,18.08,12.68,3.101
107,2019,177,2303,0,24.19,71.3,527.3,18.07,12.67,3.101
107,2019,177,2303,10,24.19,71.3,525.2,18.05,12.69,3.101
107,2019,177,2303,20,24.22,71.9,528.4,18.14,12.69,3.101
107,2019,177,2303,30,24.2,72.6,532.5,18.27,12.69,3.101
107,2019,177,2303,40,24.18,73,536.6,18.34,12.68,3.101
107,2019,177,2303,50,24.18,73.1,528.6,18.33,12.69,3.101
107,2019,177,2304,0,24.18,72.7,525.7,18.25,12.69,3.101
107,2019,177,2304,10,24.16,72.8,526.9,18.26,12.69,3.101
107,2019,177,2304,20,24.11,72.9,526.4,18.25,12.68,3.101
107,2019,177,2304,30,24.11,72.7,524.2,18.21,12.69,3.101
107,2019,177,2304,40,24.11,72.7,524.1,18.18,12.69,3.101
107,2019,177,2304,50,24.11,72.7,522.5,18.17,12.69,3.101
107,2019,177,2305,0,24.11,72.7,523.2,18.17,12.68,3.101
107,2019,177,2305,10,24.11,72.6,520.8,18.16,12.67,3.101
107,2019,177,2305,20,24.11,72.3,520.5,18.13,12.69,3.101
107,2019,177,2305,30,24.15,71.9,515.1,18.1,12.67,3.101
107,2019,177,2305,40,24.18,71.6,520.7,18.08,12.69,3.101
107,2019,177,2305,50,24.18,71.6,523.9,18.12,12.67,3.101
107,2019,177,2306,0,24.18,71.8,526.8,18.13,12.69,3.101
107,2019,177,2306,10,24.16,72,525,18.14,12.67,3.101
107,2019,177,2306,20,24.11,72.3,527.9,18.14,12.7,3.101
107,2019,177,2306,30,24.07,72.7,529,18.16,12.67,3.101
107,2019,177,2306,40,24.05,73.1,530.1,18.18,12.7,3.101
107,2019,177,2306,50,24,73.4,527.4,18.21,12.67,3.101
107,2019,177,2307,0,23.98,73.5,531.2,18.21,12.69,3.101
107,2019,177,2307,10,23.95,74.4,537.2,18.31,12.68,3.101
107,2019,177,2307,20,23.86,75.9,555.7,18.44,12.67,3.101
107,2019,177,2307,30,23.72,77.6,586.7,18.59,12.69,3.101
107,2019,177,2307,40,23.57,78.8,583.4,18.64,12.67,3.101
107,2019,177,2307,50.13,23.42,80.1,620.9,18.69,12.69,3.101
107,2019,177,2308,0,23.29,81,568.5,18.68,12.67,3.101
107,2019,177,2308,10,23.19,81.7,567.7,18.67,12.69,3.101
107,2019,177,2308,20,23.13,82.1,560.6,18.67,12.67,3.101
107,2019,177,2308,30.13,23.11,82.3,581.3,18.67,12.69,3.101
107,2019,177,2308,40,23.08,82.8,582,18.76,12.67,3.101
107,2019,177,2308,50,23.01,83.3,585.6,18.77,12.69,3.101
107,2019,177,2309,0,22.93,84.1,588.7,18.79,12.67,3.101
107,2019,177,2309,10,22.86,84.8,582.9,18.81,12.69,3.101
107,2019,177,2309,20,22.78,84.9,564.1,18.73,12.68,3.101
107,2019,177,2309,30,22.72,85.2,555.8,18.69,12.67,3.101
107,2019,177,2309,40,22.66,85.2,547.5,18.63,12.69,3.101
107,2019,177,2309,50,22.64,85.4,539.8,18.62,12.68,3.101
107,2019,177,2310,0,22.58,85.5,567.7,18.61,12.69,3.101
107,2019,177,2310,10,22.58,85.7,552.6,18.62,12.67,3.101
107,2019,177,2310,20,22.58,85.7,541.6,18.6,12.68,3.101
107,2019,177,2310,30,22.58,85.6,538.4,18.55,12.67,3.101
107,2019,177,2310,40,22.58,85.6,539.4,18.57,12.68,3.101
107,2019,177,2310,50,22.58,85.3,538.9,18.53,12.67,3.101
107,2019,177,2311,0,22.58,85.2,536.3,18.53,12.68,3.101
107,2019,177,2311,10.13,22.58,85.2,549.8,18.58,12.67,3.101
107,2019,177,2311,20,22.63,85.5,558.6,18.67,12.68,3.101
107,2019,177,2311,30,22.61,85.7,570.1,18.69,12.68,3.101
107,2019,177,2311,40,22.58,85.8,561.4,18.72,12.66,3.101
107,2019,177,2311,50,22.58,85.4,546.3,18.62,12.68,3.101
107,2019,177,2312,0,22.59,85,538.5,18.54,12.67,3.101
107,2019,177,2312,10,22.64,84.3,542.8,18.5,12.67,3.101
107,2019,177,2312,20,22.69,84,549.1,18.54,12.67,3.101
107,2019,177,2312,30.13,22.71,83.4,543.3,18.53,12.67,3.101
107,2019,177,2312,40,22.74,83.2,539.2,18.55,12.67,3.101
107,2019,177,2312,50,22.78,84.1,547.7,18.66,12.67,3.101
107,2019,177,2313,0,22.78,84.6,540.2,18.79,12.66,3.101
107,2019,177,2313,10,22.8,84.6,540.5,18.82,12.67,3.101
107,2019,177,2313,20,22.84,84.7,538.5,18.85,12.66,3.101
107,2019,177,2313,30,22.86,83.9,536.6,18.8,12.67,3.101
107,2019,177,2313,40,22.91,83.4,543,18.8,12.67,3.101
107,2019,177,2313,50.13,22.92,83.4,546.8,18.86,12.66,3.101
107,2019,177,2314,0,22.93,83.7,551.8,18.95,12.67,3.101
107,2019,177,2314,10,22.91,83.9,549.2,18.97,12.66,3.101
107,2019,177,2314,20,22.91,83.9,548,18.95,12.67,3.101
107,2019,177,2314,30,22.91,84,551.7,18.98,12.65,3.101
107,2019,177,2314,40,22.91,84.1,547.8,18.97,12.67,3.101
107,2019,177,2314,50,22.89,84.1,547.9,18.96,12.66,3.101
107,2019,177,2315,0,22.84,84.2,551.6,18.96,12.67,3.101
107,2019,177,2315,10,22.77,85.1,559.7,19.05,12.66,3.101
107,2019,177,2315,20,22.67,85.9,582.4,19.09,12.67,3.101
107,2019,177,2315,30,22.55,86.7,618.9,19.11,12.66,3.101
107,2019,177,2315,40,22.39,87.8,625.7,19.11,12.67,3.101
107,2019,177,2315,50,22.21,89.2,621.7,19.12,12.67,3.101
107,2019,177,2316,0,22.04,90.7,623.8,19.12,12.65,3.101
107,2019,177,2316,10,21.91,92.2,601.7,19.16,12.66,3.101
107,2019,177,2316,20,21.81,93.2,595.9,19.17,12.65,3.101
107,2019,177,2316,30.13,21.72,94.1,570.6,19.18,12.66,3.101
107,2019,177,2316,40,21.64,94.9,569.3,19.17,12.65,3.101
107,2019,177,2316,50,21.58,95.7,579.2,19.2,12.67,3.101
107,2019,177,2317,0,21.57,96.3,619.6,19.25,12.65,3.101
107,2019,177,2317,10.13,21.56,96.8,619,19.3,12.67,3.101
107,2019,177,2317,20,21.51,97.1,631.1,19.28,12.66,3.101
107,2019,177,2317,30,21.46,97.5,593.1,19.28,12.67,3.101
107,2019,177,2317,40,21.44,97.7,580.8,19.24,12.66,3.101
107,2019,177,2317,50,21.38,97.8,564.4,19.21,12.65,3.101
107,2019,177,2318,0,21.37,98.1,583.3,19.18,12.66,3.101
107,2019,177,2318,10,21.37,98.4,575.8,19.19,12.65,3.101
107,2019,177,2318,20,21.37,98.8,572.5,19.2,12.66,3.101
107,2019,177,2318,30,21.37,99,571.9,19.17,12.65,3.101
107,2019,177,2318,40,21.4,98.9,566.1,19.14,12.66,3.101
107,2019,177,2318,50,21.44,98.6,556.9,19.12,12.65,3.101
107,2019,177,2319,0,21.5,98,553.5,19.09,12.66,3.101
107,2019,177,2319,10,21.56,97.3,547,19.08,12.65,3.101
107,2019,177,2319,20,21.62,96.5,550.3,19.07,12.67,3.101
107,2019,177,2319,30,21.69,95.6,558.8,19.06,12.65,3.101
107,2019,177,2319,40,21.78,94.5,546.9,19.04,12.67,3.101
107,2019,177,2319,50,21.87,93.3,551.1,19.02,12.65,3.101
107,2019,177,2320,0,21.98,92.2,557.1,19.01,12.65,3.101
107,2019,177,2320,10,22.09,91,555,19.01,12.67,3.101
107,2019,177,2320,20,22.21,89.4,549.1,18.99,12.65,3.101
107,2019,177,2320,30,22.33,87.7,545.7,18.94,12.66,3.101
107,2019,177,2320,40,22.45,85,530.7,18.78,12.65,3.101
107,2019,177,2320,50,22.58,82.2,522.4,18.57,12.66,3.101
107,2019,177,2321,0,22.71,80.2,522.6,18.43,12.65,3.101
107,2019,177,2321,10,22.82,79.3,527.5,18.41,12.66,3.101
107,2019,177,2321,20,22.9,78.8,528.3,18.41,12.66,3.101
107,2019,177,2321,30,22.91,78.2,525.2,18.36,12.66,3.101
107,2019,177,2321,40,22.93,77.8,522.3,18.29,12.65,3.101
107,2019,177,2321,50,22.98,77.4,522.4,18.25,12.66,3.101
107,2019,177,2322,0,23.01,77.2,525.1,18.26,12.65,3.101
107,2019,177,2322,10,23.06,76.9,526.3,18.26,12.65,3.101
107,2019,177,2322,20,23.11,76.3,521.3,18.23,12.66,3.101
107,2019,177,2322,30.13,23.12,76.2,526.2,18.19,12.65,3.101
107,2019,177,2322,40,23.12,76.3,525.4,18.24,12.66,3.101
107,2019,177,2322,50,23.12,76.4,527.1,18.26,12.65,3.101
107,2019,177,2323,0,23.12,76.6,525.5,18.27,12.66,3.101
107,2019,177,2323,10.13,23.12,76.9,529.6,18.31,12.65,3.101
107,2019,177,2323,20,23.12,77.4,533.4,18.36,12.67,3.101
107,2019,177,2323,30,23.06,77.7,530.1,18.36,12.65,3.101
107,2019,177,2323,40,23.01,78.8,541.8,18.43,12.66,3.101
107,2019,177,2323,50,22.9,79.7,539.9,18.51,12.64,3.101
107,2019,177,2324,0,22.85,79.7,527.1,18.43,12.67,3.101
107,2019,177,2324,10,22.85,79.4,524.5,18.38,12.66,3.101
107,2019,177,2324,20,22.88,78.7,519.3,18.31,12.65,3.101
107,2019,177,2324,30,22.95,77.9,522.8,18.24,12.67,3.101
107,2019,177,2324,40,23.02,77.5,522.9,18.26,12.66,3.101
107,2019,177,2324,50,23.05,77.2,521.9,18.24,12.67,3.101
107,2019,177,2325,0,23.09,77.1,521.4,18.24,12.65,3.101
107,2019,177,2325,10,23.05,74.3,511.7,17.61,12.67,3.101
107,2019,177,2325,20,23.05,72,539.1,17.22,12.66,3.101
107,2019,177,2325,30,23.05,71.4,548.5,17.11,12.66,3.101
107,2019,177,2325,40,23.05,71.2,550.8,17.06,12.66,3.101
107,2019,177,2325,50.13,23.05,71.1,563.3,17.05,12.67,3.101
107,2019,177,2326,0,23.05,71.1,544.4,17.03,12.65,3.101